0.000000000	0.000293522
0.000001000	0.000355848
0.000002000	0.000361493
0.000003000	0.000356929
0.000004000	0.000347682
0.000005000	0.000342278
0.000006000	0.000338435
0.000007000	0.000336273
0.000008000	0.000329908
0.000009000	0.000340116
0.000010000	0.000331589
0.000011000	0.000329548
0.000012000	0.000318740
0.000013000	0.000323063
0.000014000	0.000329188
0.000015000	0.000329668
0.000016000	0.000310934
0.000017000	0.000316098
0.000018000	0.000311415
0.000019000	0.000322343
0.000020000	0.000309613
0.000021000	0.000308052
0.000022000	0.000308413
0.000023000	0.000313216
0.000024000	0.000305891
0.000025000	0.000300007
0.000026000	0.000298566
0.000027000	0.000299286
0.000028000	0.000299286
0.000029000	0.000297845
0.000030000	0.000293042
0.000031000	0.000292562
0.000032000	0.000289920
0.000033000	0.000305170
0.000034000	0.000288839
0.000035000	0.000291241
0.000036000	0.000292081
0.000037000	0.000290520
0.000038000	0.000286558
0.000039000	0.000280914
0.000040000	0.000291001
0.000041000	0.000285117
0.000042000	0.000285837
0.000043000	0.000299767
0.000044000	0.000292322
0.000045000	0.000295203
0.000046000	0.000281274
0.000047000	0.000289920
0.000048000	0.000286678
0.000049000	0.000288839
0.000050000	0.000285837
0.000051000	0.000278272
0.000052000	0.000281635
0.000053000	0.000272389
0.000054000	0.000271068
0.000055000	0.000282595
0.000056000	0.000287278
0.000057000	0.000284877
0.000058000	0.000286318
0.000059000	0.000286798
0.000060000	0.000282235
0.000061000	0.000278873
0.000062000	0.000276591
0.000063000	0.000272869
0.000064000	0.000274310
0.000065000	0.000275271
0.000066000	0.000278873
0.000067000	0.000276471
0.000068000	0.000283196
0.000069000	0.000277912
0.000070000	0.000277672
0.000071000	0.000272389
0.000072000	0.000263383
0.000073000	0.000268306
0.000074000	0.000271548
0.000075000	0.000271668
0.000076000	0.000257019
0.000077000	0.000270588
0.000078000	0.000272269
0.000079000	0.000265665
0.000080000	0.000273950
0.000081000	0.000279593
0.000082000	0.000275150
0.000083000	0.000276231
0.000084000	0.000266625
0.000085000	0.000252577
0.000086000	0.000263023
0.000087000	0.000257260
0.000088000	0.000258580
0.000089000	0.000267105
0.000090000	0.000263143
0.000091000	0.000275391
0.000092000	0.000264584
0.000093000	0.000262303
0.000094000	0.000260742
0.000095000	0.000263503
0.000096000	0.000265785
0.000097000	0.000271908
0.000098000	0.000261702
0.000099000	0.000262062
0.000100000	0.000267586
0.000101000	0.000261822
0.000102000	0.000257380
0.000103000	0.000268546
0.000104000	0.000267706
0.000105000	0.000268666
0.000106000	0.000264464
0.000107000	0.000267946
0.000108000	0.000265905
0.000109000	0.000260742
0.000110000	0.000267466
0.000111000	0.000259901
0.000112000	0.000263023
0.000113000	0.000257019
0.000114000	0.000253778
0.000115000	0.000250055
0.000116000	0.000256659
0.000117000	0.000252217
0.000118000	0.000249215
0.000119000	0.000259901
0.000120000	0.000253657
0.000121000	0.000255459
0.000122000	0.000257260
0.000123000	0.000253657
0.000124000	0.000260622
0.000125000	0.000252217
0.000126000	0.000257019
0.000127000	0.000247414
0.000128000	0.000245973
0.000129000	0.000254378
0.000130000	0.000249935
0.000131000	0.000262543
0.000132000	0.000260742
0.000133000	0.000246814
0.000134000	0.000245733
0.000135000	0.000256059
0.000136000	0.000249095
0.000137000	0.000252337
0.000138000	0.000265184
0.000139000	0.000251616
0.000140000	0.000257860
0.000141000	0.000262663
0.000142000	0.000247054
0.000143000	0.000262543
0.000144000	0.000252457
0.000145000	0.000249815
0.000146000	0.000253417
0.000147000	0.000261702
0.000148000	0.000248855
0.000149000	0.000251616
0.000150000	0.000257140
0.000151000	0.000263383
0.000152000	0.000252817
0.000153000	0.000248495
0.000154000	0.000258941
0.000155000	0.000256059
0.000156000	0.000253657
0.000157000	0.000252577
0.000158000	0.000255699
0.000159000	0.000254978
0.000160000	0.000252577
0.000161000	0.000255459
0.000162000	0.000258100
0.000163000	0.000246213
0.000164000	0.000248374
0.000165000	0.000243452
0.000166000	0.000237809
0.000167000	0.000251136
0.000168000	0.000241411
0.000169000	0.000251977
0.000170000	0.000256659
0.000171000	0.000257860
0.000172000	0.000251376
0.000173000	0.000245013
0.000174000	0.000261222
0.000175000	0.000248615
0.000176000	0.000251977
0.000177000	0.000246453
0.000178000	0.000248014
0.000179000	0.000238529
0.000180000	0.000247294
0.000181000	0.000241291
0.000182000	0.000242491
0.000183000	0.000247294
0.000184000	0.000241531
0.000185000	0.000249215
0.000186000	0.000240570
0.000187000	0.000249335
0.000188000	0.000245973
0.000189000	0.000254018
0.000190000	0.000240690
0.000191000	0.000250176
0.000192000	0.000243692
0.000193000	0.000246814
0.000194000	0.000239249
0.000195000	0.000245373
0.000196000	0.000242971
0.000197000	0.000245373
0.000198000	0.000243452
0.000199000	0.000237328
0.000200000	0.000243932
0.000201000	0.000239369
0.000202000	0.000248975
0.000203000	0.000233246
0.000204000	0.000243692
0.000205000	0.000245253
0.000206000	0.000240810
0.000207000	0.000240810
0.000208000	0.000242131
0.000209000	0.000236608
0.000210000	0.000238649
0.000211000	0.000239249
0.000212000	0.000241531
0.000213000	0.000246213
0.000214000	0.000236008
0.000215000	0.000231565
0.000216000	0.000240450
0.000217000	0.000243812
0.000218000	0.000238529
0.000219000	0.000242371
0.000220000	0.000242131
0.000221000	0.000235647
0.000222000	0.000240210
0.000223000	0.000249455
0.000224000	0.000251376
0.000225000	0.000236848
0.000226000	0.000251016
0.000227000	0.000242971
0.000228000	0.000242251
0.000229000	0.000232406
0.000230000	0.000236128
0.000231000	0.000241170
0.000232000	0.000240930
0.000233000	0.000234807
0.000234000	0.000239129
0.000235000	0.000232286
0.000236000	0.000242371
0.000237000	0.000240570
0.000238000	0.000235407
0.000239000	0.000235167
0.000240000	0.000227843
0.000241000	0.000228684
0.000242000	0.000228564
0.000243000	0.000238889
0.000244000	0.000241411
0.000245000	0.000240570
0.000246000	0.000232886
0.000247000	0.000232766
0.000248000	0.000229404
0.000249000	0.000236488
0.000250000	0.000229524
0.000251000	0.000238529
0.000252000	0.000242971
0.000253000	0.000235407
0.000254000	0.000239730
0.000255000	0.000232166
0.000256000	0.000240690
0.000257000	0.000243452
0.000258000	0.000239490
0.000259000	0.000240810
0.000260000	0.000238409
0.000261000	0.000241531
0.000262000	0.000239009
0.000263000	0.000240210
0.000264000	0.000233366
0.000265000	0.000237328
0.000266000	0.000233847
0.000267000	0.000239850
0.000268000	0.000230845
0.000269000	0.000229044
0.000270000	0.000226403
0.000271000	0.000228924
0.000272000	0.000231805
0.000273000	0.000230845
0.000274000	0.000226042
0.000275000	0.000230965
0.000276000	0.000230845
0.000277000	0.000236008
0.000278000	0.000227603
0.000279000	0.000228083
0.000280000	0.000234567
0.000281000	0.000233606
0.000282000	0.000221240
0.000283000	0.000226523
0.000284000	0.000236728
0.000285000	0.000234447
0.000286000	0.000244532
0.000287000	0.000236848
0.000288000	0.000235768
0.000289000	0.000235768
0.000290000	0.000229164
0.000291000	0.000232046
0.000292000	0.000237328
0.000293000	0.000229884
0.000294000	0.000229044
0.000295000	0.000229284
0.000296000	0.000230605
0.000297000	0.000232406
0.000298000	0.000240210
0.000299000	0.000229404
0.000300000	0.000247414
0.000301000	0.000246453
0.000302000	0.000235527
0.000303000	0.000238529
0.000304000	0.000226403
0.000305000	0.000240330
0.000306000	0.000230485
0.000307000	0.000231325
0.000308000	0.000235287
0.000309000	0.000246453
0.000310000	0.000228804
0.000311000	0.000228083
0.000312000	0.000230365
0.000313000	0.000229044
0.000314000	0.000230485
0.000315000	0.000221120
0.000316000	0.000231325
0.000317000	0.000222801
0.000318000	0.000219079
0.000319000	0.000226763
0.000320000	0.000225922
0.000321000	0.000227003
0.000322000	0.000222321
0.000323000	0.000223041
0.000324000	0.000222200
0.000325000	0.000232646
0.000326000	0.000244172
0.000327000	0.000243452
0.000328000	0.000238169
0.000329000	0.000238169
0.000330000	0.000224482
0.000331000	0.000233366
0.000332000	0.000221600
0.000333000	0.000232526
0.000334000	0.000227483
0.000335000	0.000224482
0.000336000	0.000221000
0.000337000	0.000232166
0.000338000	0.000229284
0.000339000	0.000223041
0.000340000	0.000236488
0.000341000	0.000237809
0.000342000	0.000234207
0.000343000	0.000215837
0.000344000	0.000221720
0.000345000	0.000220039
0.000346000	0.000229284
0.000347000	0.000226883
0.000348000	0.000223281
0.000349000	0.000230365
0.000350000	0.000225802
0.000351000	0.000221000
0.000352000	0.000224362
0.000353000	0.000223281
0.000354000	0.000220039
0.000355000	0.000224602
0.000356000	0.000227243
0.000357000	0.000228083
0.000358000	0.000222441
0.000359000	0.000218719
0.000360000	0.000211515
0.000361000	0.000210315
0.000362000	0.000221720
0.000363000	0.000228204
0.000364000	0.000234207
0.000365000	0.000233366
0.000366000	0.000225682
0.000367000	0.000229284
0.000368000	0.000224001
0.000369000	0.000226403
0.000370000	0.000225922
0.000371000	0.000233847
0.000372000	0.000229284
0.000373000	0.000222681
0.000374000	0.000223041
0.000375000	0.000217518
0.000376000	0.000224362
0.000377000	0.000225202
0.000378000	0.000229404
0.000379000	0.000232046
0.000380000	0.000225202
0.000381000	0.000222681
0.000382000	0.000234687
0.000383000	0.000241291
0.000384000	0.000230845
0.000385000	0.000226763
0.000386000	0.000225802
0.000387000	0.000225562
0.000388000	0.000229164
0.000389000	0.000219799
0.000390000	0.000221720
0.000391000	0.000219079
0.000392000	0.000226883
0.000393000	0.000222801
0.000394000	0.000217398
0.000395000	0.000230365
0.000396000	0.000222441
0.000397000	0.000223881
0.000398000	0.000217518
0.000399000	0.000230004
0.000400000	0.000227723
0.000401000	0.000222321
0.000402000	0.000220640
0.000403000	0.000221840
0.000404000	0.000220640
0.000405000	0.000226523
0.000406000	0.000213676
0.000407000	0.000214397
0.000408000	0.000220400
0.000409000	0.000215117
0.000410000	0.000226643
0.000411000	0.000235768
0.000412000	0.000233967
0.000413000	0.000224602
0.000414000	0.000213196
0.000415000	0.000215237
0.000416000	0.000214517
0.000417000	0.000214637
0.000418000	0.000214517
0.000419000	0.000212716
0.000420000	0.000209834
0.000421000	0.000207073
0.000422000	0.000210195
0.000423000	0.000215717
0.000424000	0.000220400
0.000425000	0.000223401
0.000426000	0.000223401
0.000427000	0.000227003
0.000428000	0.000217638
0.000429000	0.000223401
0.000430000	0.000220520
0.000431000	0.000221840
0.000432000	0.000229164
0.000433000	0.000229764
0.000434000	0.000223881
0.000435000	0.000231085
0.000436000	0.000229644
0.000437000	0.000218719
0.000438000	0.000218599
0.000439000	0.000221120
0.000440000	0.000214517
0.000441000	0.000219199
0.000442000	0.000216438
0.000443000	0.000222561
0.000444000	0.000226763
0.000445000	0.000221000
0.000446000	0.000218359
0.000447000	0.000215117
0.000448000	0.000216438
0.000449000	0.000218118
0.000450000	0.000216798
0.000451000	0.000216438
0.000452000	0.000214637
0.000453000	0.000221480
0.000454000	0.000215237
0.000455000	0.000220280
0.000456000	0.000230605
0.000457000	0.000224121
0.000458000	0.000219079
0.000459000	0.000239129
0.000460000	0.000216197
0.000461000	0.000215237
0.000462000	0.000221840
0.000463000	0.000229164
0.000464000	0.000222321
0.000465000	0.000225922
0.000466000	0.000215717
0.000467000	0.000222080
0.000468000	0.000217878
0.000469000	0.000230965
0.000470000	0.000225442
0.000471000	0.000222080
0.000472000	0.000213196
0.000473000	0.000214157
0.000474000	0.000232766
0.000475000	0.000236608
0.000476000	0.000227003
0.000477000	0.000225802
0.000478000	0.000213196
0.000479000	0.000217398
0.000480000	0.000225802
0.000481000	0.000218359
0.000482000	0.000205512
0.000483000	0.000214277
0.000484000	0.000213316
0.000485000	0.000215597
0.000486000	0.000215117
0.000487000	0.000212956
0.000488000	0.000220280
0.000489000	0.000221480
0.000490000	0.000207193
0.000491000	0.000217518
0.000492000	0.000219559
0.000493000	0.000210315
0.000494000	0.000217998
0.000495000	0.000221840
0.000496000	0.000223161
0.000497000	0.000219919
0.000498000	0.000211875
0.000499000	0.000217038
0.000500000	0.000220880
0.000501000	0.000217638
0.000502000	0.000218839
0.000503000	0.000222801
0.000504000	0.000223881
0.000505000	0.000226403
0.000506000	0.000208994
0.000507000	0.000209714
0.000508000	0.000214277
0.000509000	0.000220039
0.000510000	0.000230245
0.000511000	0.000223041
0.000512000	0.000218479
0.000513000	0.000212356
0.000514000	0.000223281
0.000515000	0.000221840
0.000516000	0.000214757
0.000517000	0.000214757
0.000518000	0.000214757
0.000519000	0.000218479
0.000520000	0.000208994
0.000521000	0.000214997
0.000522000	0.000212116
0.000523000	0.000212476
0.000524000	0.000218359
0.000525000	0.000224121
0.000526000	0.000221240
0.000527000	0.000217278
0.000528000	0.000208634
0.000529000	0.000207793
0.000530000	0.000219319
0.000531000	0.000225082
0.000532000	0.000220400
0.000533000	0.000229404
0.000534000	0.000212116
0.000535000	0.000211515
0.000536000	0.000214997
0.000537000	0.000210075
0.000538000	0.000228684
0.000539000	0.000220039
0.000540000	0.000219079
0.000541000	0.000215957
0.000542000	0.000214397
0.000543000	0.000212236
0.000544000	0.000213316
0.000545000	0.000221360
0.000546000	0.000217278
0.000547000	0.000202391
0.000548000	0.000206833
0.000549000	0.000210915
0.000550000	0.000214277
0.000551000	0.000218599
0.000552000	0.000211275
0.000553000	0.000212116
0.000554000	0.000214277
0.000555000	0.000204312
0.000556000	0.000203712
0.000557000	0.000212356
0.000558000	0.000210315
0.000559000	0.000219439
0.000560000	0.000210675
0.000561000	0.000210435
0.000562000	0.000214877
0.000563000	0.000218479
0.000564000	0.000212236
0.000565000	0.000219199
0.000566000	0.000217878
0.000567000	0.000214036
0.000568000	0.000209114
0.000569000	0.000207914
0.000570000	0.000212596
0.000571000	0.000213436
0.000572000	0.000207313
0.000573000	0.000206713
0.000574000	0.000220760
0.000575000	0.000212356
0.000576000	0.000210915
0.000577000	0.000220640
0.000578000	0.000212956
0.000579000	0.000211035
0.000580000	0.000207673
0.000581000	0.000211635
0.000582000	0.000213676
0.000583000	0.000218359
0.000584000	0.000215237
0.000585000	0.000219679
0.000586000	0.000213556
0.000587000	0.000207193
0.000588000	0.000207793
0.000589000	0.000208154
0.000590000	0.000212596
0.000591000	0.000209594
0.000592000	0.000210195
0.000593000	0.000205272
0.000594000	0.000199390
0.000595000	0.000202271
0.000596000	0.000209354
0.000597000	0.000208394
0.000598000	0.000212116
0.000599000	0.000217878
0.000600000	0.000217158
0.000601000	0.000223881
0.000602000	0.000199870
0.000603000	0.000197469
0.000604000	0.000216438
0.000605000	0.000215717
0.000606000	0.000215117
0.000607000	0.000209114
0.000608000	0.000221480
0.000609000	0.000219199
0.000610000	0.000217398
0.000611000	0.000214637
0.000612000	0.000213796
0.000613000	0.000222321
0.000614000	0.000209354
0.000615000	0.000209354
0.000616000	0.000210315
0.000617000	0.000206233
0.000618000	0.000203471
0.000619000	0.000203471
0.000620000	0.000204192
0.000621000	0.000205392
0.000622000	0.000204072
0.000623000	0.000211155
0.000624000	0.000204432
0.000625000	0.000216438
0.000626000	0.000213916
0.000627000	0.000215357
0.000628000	0.000211635
0.000629000	0.000207193
0.000630000	0.000210795
0.000631000	0.000207673
0.000632000	0.000207793
0.000633000	0.000210435
0.000634000	0.000202511
0.000635000	0.000213196
0.000636000	0.000215117
0.000637000	0.000199510
0.000638000	0.000197229
0.000639000	0.000205152
0.000640000	0.000208394
0.000641000	0.000205512
0.000642000	0.000205392
0.000643000	0.000210195
0.000644000	0.000215837
0.000645000	0.000215477
0.000646000	0.000208634
0.000647000	0.000213316
0.000648000	0.000216077
0.000649000	0.000219559
0.000650000	0.000220400
0.000651000	0.000215477
0.000652000	0.000215597
0.000653000	0.000210435
0.000654000	0.000208874
0.000655000	0.000202631
0.000656000	0.000201671
0.000657000	0.000200590
0.000658000	0.000207793
0.000659000	0.000205152
0.000660000	0.000202271
0.000661000	0.000210555
0.000662000	0.000204552
0.000663000	0.000212476
0.000664000	0.000205993
0.000665000	0.000210195
0.000666000	0.000208394
0.000667000	0.000207793
0.000668000	0.000204192
0.000669000	0.000208034
0.000670000	0.000211875
0.000671000	0.000215717
0.000672000	0.000208994
0.000673000	0.000207073
0.000674000	0.000207793
0.000675000	0.000208754
0.000676000	0.000202031
0.000677000	0.000201310
0.000678000	0.000195428
0.000679000	0.000197469
0.000680000	0.000194107
0.000681000	0.000207793
0.000682000	0.000197229
0.000683000	0.000207553
0.000684000	0.000212356
0.000685000	0.000210555
0.000686000	0.000186184
0.000687000	0.000204432
0.000688000	0.000205873
0.000689000	0.000217038
0.000690000	0.000212836
0.000691000	0.000208874
0.000692000	0.000212236
0.000693000	0.000215597
0.000694000	0.000207673
0.000695000	0.000217998
0.000696000	0.000217998
0.000697000	0.000210435
0.000698000	0.000205752
0.000699000	0.000211395
0.000700000	0.000198429
0.000701000	0.000196148
0.000702000	0.000215957
0.000703000	0.000211635
0.000704000	0.000213916
0.000705000	0.000214277
0.000706000	0.000204192
0.000707000	0.000209954
0.000708000	0.000210315
0.000709000	0.000222561
0.000710000	0.000207433
0.000711000	0.000202031
0.000712000	0.000201310
0.000713000	0.000203712
0.000714000	0.000216197
0.000715000	0.000205873
0.000716000	0.000203231
0.000717000	0.000208274
0.000718000	0.000205873
0.000719000	0.000206713
0.000720000	0.000210075
0.000721000	0.000212116
0.000722000	0.000220039
0.000723000	0.000207313
0.000724000	0.000198909
0.000725000	0.000214277
0.000726000	0.000203231
0.000727000	0.000204192
0.000728000	0.000203832
0.000729000	0.000203231
0.000730000	0.000216197
0.000731000	0.000202271
0.000732000	0.000199630
0.000733000	0.000194107
0.000734000	0.000199149
0.000735000	0.000216077
0.000736000	0.000208034
0.000737000	0.000205512
0.000738000	0.000211515
0.000739000	0.000200830
0.000740000	0.000202991
0.000741000	0.000195548
0.000742000	0.000203471
0.000743000	0.000205152
0.000744000	0.000199029
0.000745000	0.000199270
0.000746000	0.000206953
0.000747000	0.000206233
0.000748000	0.000206713
0.000749000	0.000202631
0.000750000	0.000196508
0.000751000	0.000192667
0.000752000	0.000209954
0.000753000	0.000199029
0.000754000	0.000199390
0.000755000	0.000200230
0.000756000	0.000209954
0.000757000	0.000205032
0.000758000	0.000207553
0.000759000	0.000199990
0.000760000	0.000208634
0.000761000	0.000197229
0.000762000	0.000202391
0.000763000	0.000197109
0.000764000	0.000201911
0.000765000	0.000196028
0.000766000	0.000200110
0.000767000	0.000196508
0.000768000	0.000197349
0.000769000	0.000206713
0.000770000	0.000199870
0.000771000	0.000202631
0.000772000	0.000203712
0.000773000	0.000210675
0.000774000	0.000200110
0.000775000	0.000198189
0.000776000	0.000204672
0.000777000	0.000207914
0.000778000	0.000194107
0.000779000	0.000205032
0.000780000	0.000201310
0.000781000	0.000205873
0.000782000	0.000203712
0.000783000	0.000209114
0.000784000	0.000194707
0.000785000	0.000208034
0.000786000	0.000202391
0.000787000	0.000204672
0.000788000	0.000200110
0.000789000	0.000202151
0.000790000	0.000198909
0.000791000	0.000205152
0.000792000	0.000204312
0.000793000	0.000209354
0.000794000	0.000207553
0.000795000	0.000197469
0.000796000	0.000203952
0.000797000	0.000204312
0.000798000	0.000204672
0.000799000	0.000214517
0.000800000	0.000214397
0.000801000	0.000212836
0.000802000	0.000218359
0.000803000	0.000196388
0.000804000	0.000199990
0.000805000	0.000196388
0.000806000	0.000208994
0.000807000	0.000205752
0.000808000	0.000199990
0.000809000	0.000193627
0.000810000	0.000192667
0.000811000	0.000197589
0.000812000	0.000196988
0.000813000	0.000201791
0.000814000	0.000205152
0.000815000	0.000203832
0.000816000	0.000206233
0.000817000	0.000202271
0.000818000	0.000196748
0.000819000	0.000197229
0.000820000	0.000196748
0.000821000	0.000198189
0.000822000	0.000211155
0.000823000	0.000200110
0.000824000	0.000206233
0.000825000	0.000206353
0.000826000	0.000208274
0.000827000	0.000196388
0.000828000	0.000201310
0.000829000	0.000203952
0.000830000	0.000191346
0.000831000	0.000197349
0.000832000	0.000187865
0.000833000	0.000197709
0.000834000	0.000206113
0.000835000	0.000192426
0.000836000	0.000196748
0.000837000	0.000194467
0.000838000	0.000193147
0.000839000	0.000208754
0.000840000	0.000201551
0.000841000	0.000212596
0.000842000	0.000203231
0.000843000	0.000205873
0.000844000	0.000198189
0.000845000	0.000197949
0.000846000	0.000199149
0.000847000	0.000197109
0.000848000	0.000197949
0.000849000	0.000206593
0.000850000	0.000199510
0.000851000	0.000203351
0.000852000	0.000196028
0.000853000	0.000196988
0.000854000	0.000206593
0.000855000	0.000205752
0.000856000	0.000200470
0.000857000	0.000203591
0.000858000	0.000204672
0.000859000	0.000205392
0.000860000	0.000185584
0.000861000	0.000201190
0.000862000	0.000197829
0.000863000	0.000202511
0.000864000	0.000195668
0.000865000	0.000200110
0.000866000	0.000196508
0.000867000	0.000196508
0.000868000	0.000193867
0.000869000	0.000189185
0.000870000	0.000199510
0.000871000	0.000209114
0.000872000	0.000205392
0.000873000	0.000204192
0.000874000	0.000197469
0.000875000	0.000195308
0.000876000	0.000199870
0.000877000	0.000198309
0.000878000	0.000196148
0.000879000	0.000202871
0.000880000	0.000195668
0.000881000	0.000200350
0.000882000	0.000194347
0.000883000	0.000198189
0.000884000	0.000193267
0.000885000	0.000196628
0.000886000	0.000199149
0.000887000	0.000196388
0.000888000	0.000198669
0.000889000	0.000196868
0.000890000	0.000196988
0.000891000	0.000195548
0.000892000	0.000205032
0.000893000	0.000184263
0.000894000	0.000185464
0.000895000	0.000194587
0.000896000	0.000189185
0.000897000	0.000188345
0.000898000	0.000196268
0.000899000	0.000194347
0.000900000	0.000196388
0.000901000	0.000206233
0.000902000	0.000194707
0.000903000	0.000191826
0.000904000	0.000202511
0.000905000	0.000203832
0.000906000	0.000187024
0.000907000	0.000181262
0.000908000	0.000201070
0.000909000	0.000198189
0.000910000	0.000202391
0.000911000	0.000197589
0.000912000	0.000204552
0.000913000	0.000195188
0.000914000	0.000194107
0.000915000	0.000201551
0.000916000	0.000198909
0.000917000	0.000195308
0.000918000	0.000193627
0.000919000	0.000191826
0.000920000	0.000195548
0.000921000	0.000184863
0.000922000	0.000189905
0.000923000	0.000194107
0.000924000	0.000195428
0.000925000	0.000197949
0.000926000	0.000193387
0.000927000	0.000197949
0.000928000	0.000202751
0.000929000	0.000199270
0.000930000	0.000187264
0.000931000	0.000195188
0.000932000	0.000187384
0.000933000	0.000193027
0.000934000	0.000194948
0.000935000	0.000191826
0.000936000	0.000197829
0.000937000	0.000197109
0.000938000	0.000195908
0.000939000	0.000202871
0.000940000	0.000208154
0.000941000	0.000203832
0.000942000	0.000197829
0.000943000	0.000196508
0.000944000	0.000204432
0.000945000	0.000193267
0.000946000	0.000198189
0.000947000	0.000204552
0.000948000	0.000193267
0.000949000	0.000195068
0.000950000	0.000199750
0.000951000	0.000197109
0.000952000	0.000195548
0.000953000	0.000188105
0.000954000	0.000194707
0.000955000	0.000190506
0.000956000	0.000200350
0.000957000	0.000201310
0.000958000	0.000197589
0.000959000	0.000194587
0.000960000	0.000191226
0.000961000	0.000199029
0.000962000	0.000203712
0.000963000	0.000199510
0.000964000	0.000197109
0.000965000	0.000204432
0.000966000	0.000195668
0.000967000	0.000206473
0.000968000	0.000195068
0.000969000	0.000199750
0.000970000	0.000194467
0.000971000	0.000203111
0.000972000	0.000204072
0.000973000	0.000207914
0.000974000	0.000195068
0.000975000	0.000199390
0.000976000	0.000200470
0.000977000	0.000193747
0.000978000	0.000194107
0.000979000	0.000195548
0.000980000	0.000186424
0.000981000	0.000202031
0.000982000	0.000208034
0.000983000	0.000190506
0.000984000	0.000200830
0.000985000	0.000198669
0.000986000	0.000193867
0.000987000	0.000189185
0.000988000	0.000190506
0.000989000	0.000194828
0.000990000	0.000202391
0.000991000	0.000196508
0.000992000	0.000198549
0.000993000	0.000195308
0.000994000	0.000191106
0.000995000	0.000191826
0.000996000	0.000195548
0.000997000	0.000192907
0.000998000	0.000201671
0.000999000	0.000193387
0.001000000	0.000195668
0.001001000	0.000193387
0.001002000	0.000194107
0.001003000	0.000189425
0.001004000	0.000196028
0.001005000	0.000196628
0.001006000	0.000190025
0.001007000	0.000184503
0.001008000	0.000193267
0.001009000	0.000189185
0.001010000	0.000191586
0.001011000	0.000202151
0.001012000	0.000189785
0.001013000	0.000199029
0.001014000	0.000200230
0.001015000	0.000202991
0.001016000	0.000195068
0.001017000	0.000197469
0.001018000	0.000189545
0.001019000	0.000199149
0.001020000	0.000194227
0.001021000	0.000197949
0.001022000	0.000186544
0.001023000	0.000187624
0.001024000	0.000188105
0.001025000	0.000199870
0.001026000	0.000209234
0.001027000	0.000203351
0.001028000	0.000196388
0.001029000	0.000198909
0.001030000	0.000194828
0.001031000	0.000192547
0.001032000	0.000201791
0.001033000	0.000197709
0.001034000	0.000202631
0.001035000	0.000199390
0.001036000	0.000202271
0.001037000	0.000199029
0.001038000	0.000197109
0.001039000	0.000191466
0.001040000	0.000194107
0.001041000	0.000190266
0.001042000	0.000196868
0.001043000	0.000189185
0.001044000	0.000193027
0.001045000	0.000189185
0.001046000	0.000188345
0.001047000	0.000200110
0.001048000	0.000194227
0.001049000	0.000187264
0.001050000	0.000199510
0.001051000	0.000193507
0.001052000	0.000186184
0.001053000	0.000190626
0.001054000	0.000193747
0.001055000	0.000199390
0.001056000	0.000190626
0.001057000	0.000189425
0.001058000	0.000188945
0.001059000	0.000191706
0.001060000	0.000190986
0.001061000	0.000185464
0.001062000	0.000200230
0.001063000	0.000200110
0.001064000	0.000198069
0.001065000	0.000187024
0.001066000	0.000187264
0.001067000	0.000192306
0.001068000	0.000200230
0.001069000	0.000191946
0.001070000	0.000204312
0.001071000	0.000197109
0.001072000	0.000193867
0.001073000	0.000196388
0.001074000	0.000190145
0.001075000	0.000190266
0.001076000	0.000181502
0.001077000	0.000192066
0.001078000	0.000196508
0.001079000	0.000207914
0.001080000	0.000196508
0.001081000	0.000190746
0.001082000	0.000188465
0.001083000	0.000190025
0.001084000	0.000184143
0.001085000	0.000193147
0.001086000	0.000182822
0.001087000	0.000183063
0.001088000	0.000196268
0.001089000	0.000186544
0.001090000	0.000195908
0.001091000	0.000181142
0.001092000	0.000193027
0.001093000	0.000198429
0.001094000	0.000199510
0.001095000	0.000195548
0.001096000	0.000188345
0.001097000	0.000189305
0.001098000	0.000189785
0.001099000	0.000197349
0.001100000	0.000189065
0.001101000	0.000189185
0.001102000	0.000193987
0.001103000	0.000191826
0.001104000	0.000189425
0.001105000	0.000187264
0.001106000	0.000188945
0.001107000	0.000186904
0.001108000	0.000184263
0.001109000	0.000187504
0.001110000	0.000191346
0.001111000	0.000190866
0.001112000	0.000190506
0.001113000	0.000192066
0.001114000	0.000189665
0.001115000	0.000192907
0.001116000	0.000185343
0.001117000	0.000190145
0.001118000	0.000192426
0.001119000	0.000201070
0.001120000	0.000192306
0.001121000	0.000186184
0.001122000	0.000188585
0.001123000	0.000195188
0.001124000	0.000201551
0.001125000	0.000189425
0.001126000	0.000193387
0.001127000	0.000188945
0.001128000	0.000186664
0.001129000	0.000194467
0.001130000	0.000193147
0.001131000	0.000192066
0.001132000	0.000194948
0.001133000	0.000188705
0.001134000	0.000195668
0.001135000	0.000184503
0.001136000	0.000189545
0.001137000	0.000194948
0.001138000	0.000189905
0.001139000	0.000182582
0.001140000	0.000196988
0.001141000	0.000177180
0.001142000	0.000189425
0.001143000	0.000191346
0.001144000	0.000186064
0.001145000	0.000192426
0.001146000	0.000194467
0.001147000	0.000187384
0.001148000	0.000186544
0.001149000	0.000194107
0.001150000	0.000181502
0.001151000	0.000186904
0.001152000	0.000180782
0.001153000	0.000172738
0.001154000	0.000181022
0.001155000	0.000193387
0.001156000	0.000183183
0.001157000	0.000180902
0.001158000	0.000189545
0.001159000	0.000178140
0.001160000	0.000173579
0.001161000	0.000187865
0.001162000	0.000182582
0.001163000	0.000183423
0.001164000	0.000182942
0.001165000	0.000193867
0.001166000	0.000194107
0.001167000	0.000201911
0.001168000	0.000206113
0.001169000	0.000182702
0.001170000	0.000192547
0.001171000	0.000192186
0.001172000	0.000187985
0.001173000	0.000187264
0.001174000	0.000184503
0.001175000	0.000181382
0.001176000	0.000193507
0.001177000	0.000190266
0.001178000	0.000190025
0.001179000	0.000191946
0.001180000	0.000189665
0.001181000	0.000189545
0.001182000	0.000186304
0.001183000	0.000196268
0.001184000	0.000193147
0.001185000	0.000192306
0.001186000	0.000187985
0.001187000	0.000186664
0.001188000	0.000182102
0.001189000	0.000189545
0.001190000	0.000193507
0.001191000	0.000184743
0.001192000	0.000182702
0.001193000	0.000179101
0.001194000	0.000193747
0.001195000	0.000182462
0.001196000	0.000184983
0.001197000	0.000181382
0.001198000	0.000188105
0.001199000	0.000185824
0.001200000	0.000185704
0.001201000	0.000184023
0.001202000	0.000188225
0.001203000	0.000183903
0.001204000	0.000188225
0.001205000	0.000179821
0.001206000	0.000187985
0.001207000	0.000192907
0.001208000	0.000193747
0.001209000	0.000188105
0.001210000	0.000191706
0.001211000	0.000188825
0.001212000	0.000189665
0.001213000	0.000180181
0.001214000	0.000186064
0.001215000	0.000178981
0.001216000	0.000185103
0.001217000	0.000181502
0.001218000	0.000183903
0.001219000	0.000190145
0.001220000	0.000185464
0.001221000	0.000174539
0.001222000	0.000186904
0.001223000	0.000192547
0.001224000	0.000184143
0.001225000	0.000190866
0.001226000	0.000190266
0.001227000	0.000189305
0.001228000	0.000181982
0.001229000	0.000181262
0.001230000	0.000191706
0.001231000	0.000185223
0.001232000	0.000193867
0.001233000	0.000186184
0.001234000	0.000190025
0.001235000	0.000184983
0.001236000	0.000183783
0.001237000	0.000178501
0.001238000	0.000179101
0.001239000	0.000180421
0.001240000	0.000183783
0.001241000	0.000184023
0.001242000	0.000189665
0.001243000	0.000180421
0.001244000	0.000184983
0.001245000	0.000180301
0.001246000	0.000172018
0.001247000	0.000183543
0.001248000	0.000186664
0.001249000	0.000176940
0.001250000	0.000182822
0.001251000	0.000181622
0.001252000	0.000179581
0.001253000	0.000180662
0.001254000	0.000183063
0.001255000	0.000190986
0.001256000	0.000181502
0.001257000	0.000180782
0.001258000	0.000181982
0.001259000	0.000175740
0.001260000	0.000176820
0.001261000	0.000182582
0.001262000	0.000180181
0.001263000	0.000198789
0.001264000	0.000190866
0.001265000	0.000181862
0.001266000	0.000183903
0.001267000	0.000181142
0.001268000	0.000198309
0.001269000	0.000192907
0.001270000	0.000184983
0.001271000	0.000190506
0.001272000	0.000187865
0.001273000	0.000190866
0.001274000	0.000183783
0.001275000	0.000183783
0.001276000	0.000190986
0.001277000	0.000194948
0.001278000	0.000197229
0.001279000	0.000184503
0.001280000	0.000189185
0.001281000	0.000185103
0.001282000	0.000187144
0.001283000	0.000185944
0.001284000	0.000180662
0.001285000	0.000179461
0.001286000	0.000181622
0.001287000	0.000184503
0.001288000	0.000188825
0.001289000	0.000182582
0.001290000	0.000182942
0.001291000	0.000178501
0.001292000	0.000181142
0.001293000	0.000182702
0.001294000	0.000189665
0.001295000	0.000186304
0.001296000	0.000187985
0.001297000	0.000193267
0.001298000	0.000187624
0.001299000	0.000175619
0.001300000	0.000189305
0.001301000	0.000184023
0.001302000	0.000184863
0.001303000	0.000190145
0.001304000	0.000185704
0.001305000	0.000179701
0.001306000	0.000179821
0.001307000	0.000176220
0.001308000	0.000181862
0.001309000	0.000180541
0.001310000	0.000184743
0.001311000	0.000191346
0.001312000	0.000176820
0.001313000	0.000177660
0.001314000	0.000181142
0.001315000	0.000187024
0.001316000	0.000189905
0.001317000	0.000188825
0.001318000	0.000184743
0.001319000	0.000190145
0.001320000	0.000185704
0.001321000	0.000182342
0.001322000	0.000183063
0.001323000	0.000181502
0.001324000	0.000175619
0.001325000	0.000180061
0.001326000	0.000173939
0.001327000	0.000187264
0.001328000	0.000183543
0.001329000	0.000187504
0.001330000	0.000179581
0.001331000	0.000187504
0.001332000	0.000184263
0.001333000	0.000181742
0.001334000	0.000192787
0.001335000	0.000173699
0.001336000	0.000189545
0.001337000	0.000182462
0.001338000	0.000181742
0.001339000	0.000193987
0.001340000	0.000182102
0.001341000	0.000182702
0.001342000	0.000182942
0.001343000	0.000190145
0.001344000	0.000185584
0.001345000	0.000184143
0.001346000	0.000180541
0.001347000	0.000187865
0.001348000	0.000190626
0.001349000	0.000184263
0.001350000	0.000173219
0.001351000	0.000180782
0.001352000	0.000180782
0.001353000	0.000184863
0.001354000	0.000183903
0.001355000	0.000181742
0.001356000	0.000184143
0.001357000	0.000177900
0.001358000	0.000170578
0.001359000	0.000170698
0.001360000	0.000178981
0.001361000	0.000179341
0.001362000	0.000178020
0.001363000	0.000167576
0.001364000	0.000179221
0.001365000	0.000187744
0.001366000	0.000179221
0.001367000	0.000167456
0.001368000	0.000169017
0.001369000	0.000183543
0.001370000	0.000187024
0.001371000	0.000179701
0.001372000	0.000173939
0.001373000	0.000181982
0.001374000	0.000176940
0.001375000	0.000175259
0.001376000	0.000183663
0.001377000	0.000187624
0.001378000	0.000194347
0.001379000	0.000186544
0.001380000	0.000182942
0.001381000	0.000177900
0.001382000	0.000185223
0.001383000	0.000190386
0.001384000	0.000171898
0.001385000	0.000185704
0.001386000	0.000173579
0.001387000	0.000181022
0.001388000	0.000186664
0.001389000	0.000181742
0.001390000	0.000182942
0.001391000	0.000171898
0.001392000	0.000177660
0.001393000	0.000179941
0.001394000	0.000181262
0.001395000	0.000166856
0.001396000	0.000176940
0.001397000	0.000183903
0.001398000	0.000180902
0.001399000	0.000183543
0.001400000	0.000178381
0.001401000	0.000177900
0.001402000	0.000181982
0.001403000	0.000184383
0.001404000	0.000179221
0.001405000	0.000180541
0.001406000	0.000177660
0.001407000	0.000169857
0.001408000	0.000184023
0.001409000	0.000174659
0.001410000	0.000181022
0.001411000	0.000180782
0.001412000	0.000183783
0.001413000	0.000166136
0.001414000	0.000168537
0.001415000	0.000177180
0.001416000	0.000179101
0.001417000	0.000174779
0.001418000	0.000177420
0.001419000	0.000183783
0.001420000	0.000177900
0.001421000	0.000188585
0.001422000	0.000179581
0.001423000	0.000190626
0.001424000	0.000179821
0.001425000	0.000179821
0.001426000	0.000174059
0.001427000	0.000170818
0.001428000	0.000172378
0.001429000	0.000183423
0.001430000	0.000182702
0.001431000	0.000185704
0.001432000	0.000185103
0.001433000	0.000179341
0.001434000	0.000188945
0.001435000	0.000183423
0.001436000	0.000187985
0.001437000	0.000180662
0.001438000	0.000180662
0.001439000	0.000180662
0.001440000	0.000195908
0.001441000	0.000183783
0.001442000	0.000181382
0.001443000	0.000192306
0.001444000	0.000170457
0.001445000	0.000188825
0.001446000	0.000190266
0.001447000	0.000185103
0.001448000	0.000187624
0.001449000	0.000176820
0.001450000	0.000179941
0.001451000	0.000179821
0.001452000	0.000178621
0.001453000	0.000172378
0.001454000	0.000182702
0.001455000	0.000174779
0.001456000	0.000183903
0.001457000	0.000173459
0.001458000	0.000178981
0.001459000	0.000175860
0.001460000	0.000179701
0.001461000	0.000182342
0.001462000	0.000165896
0.001463000	0.000176220
0.001464000	0.000176100
0.001465000	0.000180301
0.001466000	0.000178861
0.001467000	0.000175379
0.001468000	0.000187504
0.001469000	0.000175379
0.001470000	0.000172618
0.001471000	0.000189785
0.001472000	0.000191586
0.001473000	0.000183663
0.001474000	0.000173339
0.001475000	0.000171538
0.001476000	0.000178501
0.001477000	0.000187384
0.001478000	0.000190145
0.001479000	0.000199990
0.001480000	0.000191466
0.001481000	0.000178501
0.001482000	0.000180061
0.001483000	0.000180782
0.001484000	0.000181862
0.001485000	0.000178981
0.001486000	0.000183783
0.001487000	0.000189185
0.001488000	0.000175980
0.001489000	0.000182102
0.001490000	0.000177060
0.001491000	0.000171778
0.001492000	0.000172858
0.001493000	0.000174299
0.001494000	0.000169617
0.001495000	0.000178501
0.001496000	0.000174419
0.001497000	0.000179701
0.001498000	0.000176100
0.001499000	0.000180061
0.001500000	0.000172018
0.001501000	0.000176460
0.001502000	0.000176940
0.001503000	0.000170578
0.001504000	0.000181862
0.001505000	0.000178501
0.001506000	0.000174539
0.001507000	0.000182342
0.001508000	0.000164455
0.001509000	0.000176460
0.001510000	0.000176220
0.001511000	0.000180541
0.001512000	0.000186064
0.001513000	0.000182822
0.001514000	0.000185464
0.001515000	0.000176580
0.001516000	0.000167096
0.001517000	0.000171898
0.001518000	0.000173098
0.001519000	0.000181742
0.001520000	0.000176700
0.001521000	0.000186064
0.001522000	0.000184743
0.001523000	0.000173339
0.001524000	0.000177540
0.001525000	0.000174779
0.001526000	0.000179101
0.001527000	0.000171298
0.001528000	0.000176820
0.001529000	0.000181142
0.001530000	0.000186304
0.001531000	0.000186064
0.001532000	0.000187504
0.001533000	0.000179941
0.001534000	0.000183903
0.001535000	0.000177900
0.001536000	0.000169137
0.001537000	0.000185704
0.001538000	0.000173098
0.001539000	0.000173459
0.001540000	0.000163375
0.001541000	0.000178261
0.001542000	0.000177660
0.001543000	0.000175980
0.001544000	0.000174779
0.001545000	0.000172138
0.001546000	0.000168657
0.001547000	0.000181142
0.001548000	0.000185343
0.001549000	0.000177300
0.001550000	0.000170337
0.001551000	0.000187144
0.001552000	0.000190506
0.001553000	0.000181382
0.001554000	0.000178381
0.001555000	0.000169017
0.001556000	0.000177420
0.001557000	0.000180421
0.001558000	0.000187504
0.001559000	0.000181022
0.001560000	0.000175139
0.001561000	0.000179821
0.001562000	0.000183303
0.001563000	0.000175619
0.001564000	0.000175139
0.001565000	0.000172738
0.001566000	0.000175980
0.001567000	0.000173219
0.001568000	0.000177300
0.001569000	0.000176100
0.001570000	0.000187384
0.001571000	0.000174659
0.001572000	0.000170818
0.001573000	0.000190746
0.001574000	0.000176580
0.001575000	0.000179941
0.001576000	0.000174179
0.001577000	0.000174419
0.001578000	0.000183063
0.001579000	0.000174299
0.001580000	0.000179101
0.001581000	0.000175740
0.001582000	0.000176100
0.001583000	0.000174779
0.001584000	0.000171778
0.001585000	0.000169857
0.001586000	0.000169977
0.001587000	0.000176220
0.001588000	0.000172138
0.001589000	0.000173579
0.001590000	0.000173459
0.001591000	0.000177900
0.001592000	0.000175619
0.001593000	0.000177420
0.001594000	0.000180902
0.001595000	0.000175499
0.001596000	0.000161934
0.001597000	0.000176940
0.001598000	0.000180421
0.001599000	0.000171058
0.001600000	0.000173098
0.001601000	0.000183063
0.001602000	0.000171898
0.001603000	0.000172258
0.001604000	0.000176460
0.001605000	0.000178020
0.001606000	0.000182222
0.001607000	0.000170097
0.001608000	0.000174659
0.001609000	0.000183063
0.001610000	0.000169737
0.001611000	0.000175259
0.001612000	0.000177780
0.001613000	0.000177180
0.001614000	0.000174659
0.001615000	0.000180662
0.001616000	0.000169977
0.001617000	0.000160374
0.001618000	0.000168897
0.001619000	0.000167216
0.001620000	0.000168417
0.001621000	0.000175619
0.001622000	0.000167696
0.001623000	0.000174779
0.001624000	0.000175139
0.001625000	0.000180902
0.001626000	0.000176940
0.001627000	0.000177420
0.001628000	0.000167336
0.001629000	0.000176940
0.001630000	0.000186904
0.001631000	0.000181502
0.001632000	0.000182342
0.001633000	0.000178140
0.001634000	0.000177540
0.001635000	0.000175379
0.001636000	0.000172618
0.001637000	0.000189305
0.001638000	0.000178621
0.001639000	0.000182342
0.001640000	0.000183783
0.001641000	0.000182462
0.001642000	0.000179101
0.001643000	0.000175259
0.001644000	0.000167576
0.001645000	0.000173819
0.001646000	0.000178020
0.001647000	0.000178501
0.001648000	0.000174899
0.001649000	0.000170337
0.001650000	0.000164815
0.001651000	0.000175139
0.001652000	0.000175139
0.001653000	0.000173098
0.001654000	0.000171178
0.001655000	0.000179221
0.001656000	0.000175499
0.001657000	0.000174059
0.001658000	0.000175019
0.001659000	0.000173098
0.001660000	0.000172258
0.001661000	0.000179101
0.001662000	0.000185704
0.001663000	0.000177540
0.001664000	0.000166256
0.001665000	0.000170097
0.001666000	0.000176100
0.001667000	0.000175259
0.001668000	0.000173939
0.001669000	0.000168417
0.001670000	0.000168537
0.001671000	0.000178501
0.001672000	0.000174059
0.001673000	0.000175139
0.001674000	0.000173459
0.001675000	0.000171538
0.001676000	0.000170578
0.001677000	0.000164575
0.001678000	0.000174419
0.001679000	0.000172258
0.001680000	0.000171658
0.001681000	0.000170938
0.001682000	0.000160014
0.001683000	0.000181622
0.001684000	0.000176700
0.001685000	0.000182462
0.001686000	0.000182702
0.001687000	0.000181742
0.001688000	0.000169257
0.001689000	0.000166376
0.001690000	0.000162054
0.001691000	0.000163015
0.001692000	0.000171658
0.001693000	0.000168177
0.001694000	0.000176940
0.001695000	0.000168417
0.001696000	0.000167216
0.001697000	0.000160854
0.001698000	0.000174059
0.001699000	0.000173579
0.001700000	0.000170337
0.001701000	0.000181622
0.001702000	0.000171058
0.001703000	0.000176700
0.001704000	0.000176220
0.001705000	0.000170337
0.001706000	0.000166976
0.001707000	0.000185103
0.001708000	0.000167456
0.001709000	0.000176340
0.001710000	0.000179701
0.001711000	0.000182102
0.001712000	0.000169377
0.001713000	0.000166376
0.001714000	0.000167336
0.001715000	0.000168537
0.001716000	0.000175379
0.001717000	0.000173579
0.001718000	0.000169137
0.001719000	0.000174899
0.001720000	0.000176940
0.001721000	0.000170698
0.001722000	0.000161814
0.001723000	0.000169017
0.001724000	0.000163255
0.001725000	0.000162775
0.001726000	0.000166856
0.001727000	0.000178140
0.001728000	0.000184503
0.001729000	0.000174899
0.001730000	0.000173459
0.001731000	0.000172258
0.001732000	0.000172138
0.001733000	0.000171298
0.001734000	0.000178861
0.001735000	0.000180301
0.001736000	0.000164335
0.001737000	0.000177900
0.001738000	0.000174179
0.001739000	0.000173098
0.001740000	0.000174539
0.001741000	0.000176820
0.001742000	0.000175499
0.001743000	0.000167096
0.001744000	0.000166016
0.001745000	0.000171658
0.001746000	0.000173098
0.001747000	0.000160854
0.001748000	0.000172378
0.001749000	0.000172258
0.001750000	0.000164455
0.001751000	0.000169737
0.001752000	0.000164215
0.001753000	0.000172498
0.001754000	0.000173819
0.001755000	0.000155452
0.001756000	0.000153291
0.001757000	0.000168657
0.001758000	0.000164695
0.001759000	0.000166376
0.001760000	0.000172378
0.001761000	0.000176100
0.001762000	0.000168297
0.001763000	0.000176460
0.001764000	0.000178140
0.001765000	0.000164575
0.001766000	0.000164695
0.001767000	0.000173339
0.001768000	0.000178020
0.001769000	0.000179461
0.001770000	0.000179581
0.001771000	0.000179101
0.001772000	0.000175019
0.001773000	0.000172738
0.001774000	0.000173579
0.001775000	0.000159413
0.001776000	0.000170097
0.001777000	0.000170698
0.001778000	0.000171178
0.001779000	0.000172378
0.001780000	0.000162174
0.001781000	0.000169977
0.001782000	0.000166976
0.001783000	0.000171418
0.001784000	0.000170337
0.001785000	0.000170818
0.001786000	0.000168897
0.001787000	0.000176700
0.001788000	0.000171058
0.001789000	0.000175139
0.001790000	0.000178381
0.001791000	0.000175379
0.001792000	0.000172018
0.001793000	0.000170578
0.001794000	0.000178020
0.001795000	0.000172618
0.001796000	0.000160374
0.001797000	0.000164095
0.001798000	0.000162174
0.001799000	0.000171538
0.001800000	0.000164935
0.001801000	0.000157253
0.001802000	0.000165776
0.001803000	0.000170097
0.001804000	0.000166136
0.001805000	0.000168777
0.001806000	0.000168897
0.001807000	0.000163495
0.001808000	0.000176340
0.001809000	0.000163615
0.001810000	0.000166136
0.001811000	0.000180061
0.001812000	0.000174179
0.001813000	0.000173819
0.001814000	0.000157733
0.001815000	0.000165896
0.001816000	0.000164455
0.001817000	0.000174899
0.001818000	0.000172258
0.001819000	0.000166976
0.001820000	0.000165776
0.001821000	0.000168537
0.001822000	0.000173939
0.001823000	0.000178020
0.001824000	0.000168537
0.001825000	0.000164215
0.001826000	0.000167936
0.001827000	0.000174659
0.001828000	0.000172978
0.001829000	0.000175980
0.001830000	0.000170217
0.001831000	0.000175139
0.001832000	0.000185464
0.001833000	0.000174179
0.001834000	0.000168657
0.001835000	0.000179581
0.001836000	0.000173219
0.001837000	0.000174779
0.001838000	0.000174659
0.001839000	0.000174179
0.001840000	0.000178261
0.001841000	0.000168777
0.001842000	0.000169617
0.001843000	0.000167816
0.001844000	0.000171538
0.001845000	0.000173098
0.001846000	0.000162294
0.001847000	0.000172858
0.001848000	0.000169017
0.001849000	0.000169377
0.001850000	0.000167696
0.001851000	0.000169257
0.001852000	0.000154852
0.001853000	0.000171538
0.001854000	0.000178140
0.001855000	0.000174659
0.001856000	0.000172858
0.001857000	0.000177900
0.001858000	0.000170698
0.001859000	0.000158213
0.001860000	0.000172738
0.001861000	0.000170818
0.001862000	0.000174419
0.001863000	0.000173459
0.001864000	0.000166856
0.001865000	0.000181142
0.001866000	0.000167576
0.001867000	0.000171898
0.001868000	0.000164335
0.001869000	0.000167216
0.001870000	0.000169257
0.001871000	0.000165896
0.001872000	0.000159533
0.001873000	0.000169017
0.001874000	0.000169017
0.001875000	0.000171178
0.001876000	0.000173579
0.001877000	0.000172978
0.001878000	0.000172378
0.001879000	0.000174059
0.001880000	0.000175980
0.001881000	0.000165896
0.001882000	0.000169257
0.001883000	0.000164575
0.001884000	0.000178140
0.001885000	0.000174299
0.001886000	0.000163135
0.001887000	0.000170578
0.001888000	0.000167336
0.001889000	0.000160374
0.001890000	0.000159533
0.001891000	0.000159053
0.001892000	0.000172018
0.001893000	0.000169497
0.001894000	0.000168537
0.001895000	0.000173939
0.001896000	0.000175379
0.001897000	0.000168057
0.001898000	0.000168777
0.001899000	0.000168057
0.001900000	0.000166856
0.001901000	0.000170578
0.001902000	0.000171058
0.001903000	0.000172978
0.001904000	0.000175499
0.001905000	0.000168177
0.001906000	0.000156772
0.001907000	0.000164575
0.001908000	0.000165175
0.001909000	0.000162534
0.001910000	0.000172018
0.001911000	0.000162534
0.001912000	0.000150650
0.001913000	0.000162294
0.001914000	0.000170457
0.001915000	0.000165536
0.001916000	0.000171778
0.001917000	0.000166376
0.001918000	0.000161934
0.001919000	0.000169497
0.001920000	0.000175980
0.001921000	0.000164455
0.001922000	0.000156892
0.001923000	0.000172258
0.001924000	0.000169857
0.001925000	0.000170578
0.001926000	0.000167456
0.001927000	0.000161694
0.001928000	0.000153411
0.001929000	0.000165536
0.001930000	0.000165536
0.001931000	0.000166616
0.001932000	0.000157973
0.001933000	0.000163495
0.001934000	0.000171538
0.001935000	0.000158813
0.001936000	0.000170698
0.001937000	0.000168297
0.001938000	0.000166016
0.001939000	0.000174299
0.001940000	0.000175740
0.001941000	0.000163855
0.001942000	0.000179701
0.001943000	0.000168657
0.001944000	0.000161454
0.001945000	0.000168777
0.001946000	0.000176820
0.001947000	0.000173219
0.001948000	0.000164815
0.001949000	0.000165776
0.001950000	0.000176940
0.001951000	0.000164335
0.001952000	0.000155572
0.001953000	0.000170698
0.001954000	0.000170938
0.001955000	0.000167336
0.001956000	0.000172978
0.001957000	0.000177660
0.001958000	0.000166136
0.001959000	0.000166856
0.001960000	0.000178020
0.001961000	0.000181862
0.001962000	0.000175980
0.001963000	0.000172498
0.001964000	0.000165416
0.001965000	0.000166376
0.001966000	0.000164815
0.001967000	0.000171778
0.001968000	0.000156172
0.001969000	0.000165776
0.001970000	0.000165656
0.001971000	0.000164695
0.001972000	0.000161454
0.001973000	0.000161334
0.001974000	0.000172018
0.001975000	0.000167816
0.001976000	0.000168657
0.001977000	0.000168897
0.001978000	0.000163015
0.001979000	0.000163135
0.001980000	0.000169497
0.001981000	0.000177180
0.001982000	0.000165175
0.001983000	0.000167816
0.001984000	0.000173098
0.001985000	0.000171418
0.001986000	0.000166496
0.001987000	0.000163495
0.001988000	0.000164215
0.001989000	0.000170457
0.001990000	0.000171778
0.001991000	0.000174779
0.001992000	0.000169857
0.001993000	0.000167456
0.001994000	0.000172498
0.001995000	0.000171418
0.001996000	0.000169977
0.001997000	0.000170337
0.001998000	0.000171058
0.001999000	0.000170097
0.002000000	0.000163255
0.002001000	0.000158093
0.002002000	0.000168297
0.002003000	0.000162174
0.002004000	0.000166136
0.002005000	0.000154852
0.002006000	0.000169617
0.002007000	0.000169137
0.002008000	0.000158933
0.002009000	0.000160614
0.002010000	0.000170457
0.002011000	0.000166856
0.002012000	0.000163975
0.002013000	0.000173098
0.002014000	0.000174899
0.002015000	0.000169977
0.002016000	0.000166856
0.002017000	0.000172858
0.002018000	0.000174899
0.002019000	0.000167336
0.002020000	0.000168057
0.002021000	0.000169617
0.002022000	0.000174779
0.002023000	0.000156052
0.002024000	0.000173699
0.002025000	0.000170698
0.002026000	0.000166376
0.002027000	0.000178381
0.002028000	0.000174779
0.002029000	0.000174179
0.002030000	0.000170698
0.002031000	0.000172738
0.002032000	0.000170938
0.002033000	0.000179101
0.002034000	0.000172498
0.002035000	0.000177060
0.002036000	0.000172498
0.002037000	0.000168537
0.002038000	0.000153771
0.002039000	0.000164455
0.002040000	0.000156292
0.002041000	0.000170097
0.002042000	0.000165416
0.002043000	0.000171178
0.002044000	0.000171418
0.002045000	0.000159894
0.002046000	0.000151971
0.002047000	0.000168777
0.002048000	0.000163495
0.002049000	0.000175259
0.002050000	0.000168897
0.002051000	0.000156892
0.002052000	0.000167456
0.002053000	0.000173459
0.002054000	0.000164095
0.002055000	0.000159773
0.002056000	0.000165656
0.002057000	0.000176220
0.002058000	0.000168657
0.002059000	0.000160974
0.002060000	0.000155452
0.002061000	0.000154131
0.002062000	0.000163015
0.002063000	0.000161574
0.002064000	0.000171058
0.002065000	0.000171058
0.002066000	0.000164695
0.002067000	0.000175619
0.002068000	0.000172738
0.002069000	0.000169377
0.002070000	0.000166856
0.002071000	0.000173459
0.002072000	0.000174899
0.002073000	0.000159053
0.002074000	0.000178861
0.002075000	0.000179941
0.002076000	0.000170217
0.002077000	0.000156052
0.002078000	0.000169497
0.002079000	0.000160854
0.002080000	0.000172138
0.002081000	0.000151851
0.002082000	0.000156652
0.002083000	0.000155692
0.002084000	0.000163255
0.002085000	0.000169017
0.002086000	0.000167696
0.002087000	0.000161334
0.002088000	0.000160134
0.002089000	0.000170578
0.002090000	0.000173459
0.002091000	0.000178140
0.002092000	0.000170457
0.002093000	0.000162895
0.002094000	0.000169377
0.002095000	0.000160974
0.002096000	0.000156532
0.002097000	0.000169497
0.002098000	0.000162534
0.002099000	0.000153171
0.002100000	0.000166616
0.002101000	0.000164815
0.002102000	0.000168657
0.002103000	0.000158093
0.002104000	0.000176820
0.002105000	0.000162174
0.002106000	0.000163975
0.002107000	0.000178621
0.002108000	0.000175619
0.002109000	0.000175499
0.002110000	0.000168897
0.002111000	0.000161454
0.002112000	0.000165896
0.002113000	0.000161574
0.002114000	0.000166376
0.002115000	0.000168777
0.002116000	0.000168537
0.002117000	0.000165416
0.002118000	0.000157853
0.002119000	0.000158693
0.002120000	0.000162775
0.002121000	0.000162054
0.002122000	0.000166976
0.002123000	0.000157973
0.002124000	0.000171538
0.002125000	0.000159053
0.002126000	0.000164095
0.002127000	0.000161334
0.002128000	0.000169497
0.002129000	0.000168657
0.002130000	0.000164935
0.002131000	0.000162775
0.002132000	0.000163255
0.002133000	0.000155092
0.002134000	0.000166136
0.002135000	0.000169857
0.002136000	0.000166136
0.002137000	0.000167216
0.002138000	0.000169737
0.002139000	0.000166376
0.002140000	0.000172618
0.002141000	0.000173579
0.002142000	0.000166616
0.002143000	0.000148129
0.002144000	0.000163975
0.002145000	0.000169377
0.002146000	0.000158213
0.002147000	0.000152331
0.002148000	0.000148370
0.002149000	0.000160494
0.002150000	0.000162655
0.002151000	0.000174539
0.002152000	0.000172258
0.002153000	0.000172138
0.002154000	0.000163975
0.002155000	0.000166136
0.002156000	0.000167696
0.002157000	0.000167096
0.002158000	0.000166856
0.002159000	0.000168057
0.002160000	0.000161934
0.002161000	0.000167456
0.002162000	0.000173579
0.002163000	0.000167456
0.002164000	0.000160374
0.002165000	0.000159053
0.002166000	0.000164575
0.002167000	0.000166376
0.002168000	0.000173098
0.002169000	0.000168657
0.002170000	0.000171538
0.002171000	0.000160734
0.002172000	0.000172378
0.002173000	0.000164215
0.002174000	0.000170818
0.002175000	0.000167456
0.002176000	0.000167576
0.002177000	0.000175139
0.002178000	0.000172498
0.002179000	0.000157853
0.002180000	0.000167576
0.002181000	0.000156292
0.002182000	0.000167936
0.002183000	0.000163615
0.002184000	0.000160974
0.002185000	0.000157973
0.002186000	0.000169137
0.002187000	0.000177660
0.002188000	0.000165055
0.002189000	0.000154732
0.002190000	0.000163375
0.002191000	0.000159653
0.002192000	0.000168177
0.002193000	0.000174419
0.002194000	0.000168657
0.002195000	0.000163975
0.002196000	0.000160254
0.002197000	0.000167096
0.002198000	0.000164335
0.002199000	0.000167216
0.002200000	0.000168537
0.002201000	0.000175740
0.002202000	0.000164815
0.002203000	0.000168177
0.002204000	0.000172858
0.002205000	0.000164215
0.002206000	0.000165896
0.002207000	0.000165055
0.002208000	0.000160134
0.002209000	0.000165055
0.002210000	0.000167816
0.002211000	0.000157853
0.002212000	0.000153171
0.002213000	0.000163375
0.002214000	0.000160494
0.002215000	0.000174299
0.002216000	0.000165296
0.002217000	0.000164575
0.002218000	0.000166376
0.002219000	0.000176220
0.002220000	0.000174419
0.002221000	0.000160854
0.002222000	0.000158333
0.002223000	0.000168057
0.002224000	0.000158093
0.002225000	0.000161574
0.002226000	0.000162294
0.002227000	0.000161694
0.002228000	0.000167336
0.002229000	0.000164695
0.002230000	0.000166016
0.002231000	0.000157733
0.002232000	0.000159894
0.002233000	0.000172498
0.002234000	0.000166616
0.002235000	0.000161934
0.002236000	0.000163495
0.002237000	0.000153651
0.002238000	0.000150770
0.002239000	0.000155452
0.002240000	0.000159894
0.002241000	0.000158093
0.002242000	0.000161814
0.002243000	0.000160854
0.002244000	0.000160254
0.002245000	0.000168177
0.002246000	0.000162294
0.002247000	0.000156052
0.002248000	0.000155932
0.002249000	0.000000000
