-0.000250000	0.000115944
-0.000249000	0.000107519
-0.000248000	0.000095954
-0.000247000	0.000092670
-0.000246000	0.000093383
-0.000245000	0.000092384
-0.000244000	0.000096382
-0.000243000	0.000084674
-0.000242000	0.000081818
-0.000241000	0.000081961
-0.000240000	0.000080390
-0.000239000	0.000079676
-0.000238000	0.000094240
-0.000237000	0.000084959
-0.000236000	0.000083817
-0.000235000	0.000084959
-0.000234000	0.000077820
-0.000233000	0.000078106
-0.000232000	0.000084959
-0.000231000	0.000076678
-0.000230000	0.000074536
-0.000229000	0.000079248
-0.000228000	0.000077392
-0.000227000	0.000066684
-0.000226000	0.000062543
-0.000225000	0.000074108
-0.000224000	0.000071110
-0.000223000	0.000060972
-0.000222000	0.000061829
-0.000221000	0.000069396
-0.000220000	0.000058688
-0.000219000	0.000061258
-0.000218000	0.000071110
-0.000217000	0.000066398
-0.000216000	0.000063828
-0.000215000	0.000055547
-0.000214000	0.000044839
-0.000213000	0.000039414
-0.000212000	0.000051835
-0.000211000	0.000056975
-0.000210000	0.000049265
-0.000209000	0.000041413
-0.000208000	0.000038129
-0.000207000	0.000041841
-0.000206000	0.000043269
-0.000205000	0.000051264
-0.000204000	0.000040842
-0.000203000	0.000050978
-0.000202000	0.000039271
-0.000201000	0.000041841
-0.000200000	0.000041698
-0.000199000	0.000043126
-0.000198000	0.000045410
-0.000197000	0.000045410
-0.000196000	0.000039985
-0.000195000	0.000028707
-0.000194000	0.000030134
-0.000193000	0.000030848
-0.000192000	0.000036702
-0.000191000	0.000034988
-0.000190000	0.000028707
-0.000189000	0.000040985
-0.000188000	0.000029563
-0.000187000	0.000027136
-0.000186000	0.000023282
-0.000185000	0.000028421
-0.000184000	0.000023996
-0.000183000	0.000025851
-0.000182000	0.000027850
-0.000181000	0.000009862
-0.000180000	0.000010291
-0.000179000	0.000018571
-0.000178000	0.000018428
-0.000177000	0.000016001
-0.000176000	0.000019284
-0.000175000	0.000010291
-0.000174000	0.000006579
-0.000173000	0.000003724
-0.000172000	0.000006151
-0.000171000	0.000018571
-0.000170000	0.000000583
-0.000169000	-0.000006412
-0.000168000	-0.000010980
-0.000167000	-0.000002415
-0.000166000	-0.000010980
-0.000165000	-0.000008696
-0.000164000	-0.000005984
-0.000163000	-0.000016119
-0.000162000	-0.000009267
-0.000161000	-0.000023113
-0.000160000	-0.000007554
-0.000159000	-0.000009124
-0.000158000	-0.000002843
-0.000157000	0.000005437
-0.000156000	-0.000014549
-0.000155000	-0.000006697
-0.000154000	-0.000026397
-0.000153000	-0.000026397
-0.000152000	-0.000030822
-0.000151000	-0.000017404
-0.000150000	-0.000021400
-0.000149000	-0.000026111
-0.000148000	-0.000024398
-0.000147000	-0.000034390
-0.000146000	-0.000024398
-0.000145000	-0.000037816
-0.000144000	-0.000025397
-0.000143000	-0.000026682
-0.000142000	-0.000033819
-0.000141000	-0.000036674
-0.000140000	-0.000029252
-0.000139000	-0.000044668
-0.000138000	-0.000043811
-0.000137000	-0.000048522
-0.000136000	-0.000042241
-0.000135000	-0.000038244
-0.000134000	-0.000039957
-0.000133000	-0.000039814
-0.000132000	-0.000046238
-0.000131000	-0.000041527
-0.000130000	-0.000045810
-0.000129000	-0.000044668
-0.000128000	-0.000040100
-0.000127000	-0.000041385
-0.000126000	-0.000043811
-0.000125000	-0.000060511
-0.000124000	-0.000048950
-0.000123000	-0.000047237
-0.000122000	-0.000045810
-0.000121000	-0.000056943
-0.000120000	-0.000055230
-0.000119000	-0.000052804
-0.000118000	-0.000062938
-0.000117000	-0.000042527
-0.000116000	-0.000051947
-0.000115000	-0.000045239
-0.000114000	-0.000047237
-0.000113000	-0.000055658
-0.000112000	-0.000058799
-0.000111000	-0.000054659
-0.000110000	-0.000058228
-0.000109000	-0.000044382
-0.000108000	-0.000044097
-0.000107000	-0.000059655
-0.000106000	-0.000050948
-0.000105000	-0.000059512
-0.000104000	-0.000059512
-0.000103000	-0.000049664
-0.000102000	-0.000045524
-0.000101000	-0.000052233
-0.000100000	-0.000058941
-0.000099000	-0.000053660
-0.000098000	-0.000054374
-0.000097000	-0.000047094
-0.000096000	-0.000051376
-0.000095000	-0.000053089
-0.000094000	-0.000046523
-0.000093000	-0.000047665
-0.000092000	-0.000044525
-0.000091000	-0.000037673
-0.000090000	-0.000046238
-0.000089000	-0.000026682
-0.000088000	-0.000044239
-0.000087000	-0.000049664
-0.000086000	-0.000038387
-0.000085000	-0.000035104
-0.000084000	-0.000037959
-0.000083000	-0.000033534
-0.000082000	-0.000036103
-0.000081000	-0.000034533
-0.000080000	-0.000036389
-0.000079000	-0.000046381
-0.000078000	-0.000043098
-0.000077000	-0.000030393
-0.000076000	-0.000031678
-0.000075000	-0.000025683
-0.000074000	-0.000026825
-0.000073000	-0.000018974
-0.000072000	-0.000028966
-0.000071000	-0.000038530
-0.000070000	-0.000037816
-0.000069000	-0.000032820
-0.000068000	-0.000030822
-0.000067000	-0.000023827
-0.000066000	-0.000020401
-0.000065000	-0.000033534
-0.000064000	-0.000040385
-0.000063000	-0.000036389
-0.000062000	-0.000032249
-0.000061000	-0.000029680
-0.000060000	-0.000029965
-0.000059000	-0.000032820
-0.000058000	-0.000028681
-0.000057000	-0.000022542
-0.000056000	-0.000024826
-0.000055000	-0.000022114
-0.000054000	-0.000034105
-0.000053000	-0.000024541
-0.000052000	-0.000026682
-0.000051000	-0.000014549
-0.000050000	-0.000009695
-0.000049000	-0.000018260
-0.000048000	-0.000019402
-0.000047000	-0.000027967
-0.000046000	-0.000026397
-0.000045000	-0.000016404
-0.000044000	-0.000015120
-0.000043000	-0.000011836
-0.000042000	-0.000020829
-0.000041000	-0.000015262
-0.000040000	-0.000017689
-0.000039000	-0.000020544
-0.000038000	-0.000009695
-0.000037000	-0.000016975
-0.000036000	-0.000014834
-0.000035000	-0.000019973
-0.000034000	0.000000869
-0.000033000	-0.000001986
-0.000032000	-0.000023684
-0.000031000	-0.000009552
-0.000030000	-0.000000273
-0.000029000	-0.000006126
-0.000028000	0.000008149
-0.000027000	-0.000005270
-0.000026000	-0.000008981
-0.000025000	-0.000003414
-0.000024000	-0.000001415
-0.000023000	-0.000001558
-0.000022000	-0.000005555
-0.000021000	-0.000009552
-0.000020000	-0.000001273
-0.000019000	-0.000012693
-0.000018000	-0.000014977
-0.000017000	-0.000005555
-0.000016000	-0.000001844
-0.000015000	0.000000583
-0.000014000	-0.000002415
-0.000013000	-0.000000273
-0.000012000	-0.000010980
-0.000011000	0.000003867
-0.000010000	-0.000007982
-0.000009000	0.000013717
-0.000008000	0.000012860
-0.000007000	0.000005009
-0.000006000	0.000006008
-0.000005000	-0.000013407
-0.000004000	-0.000006412
-0.000003000	0.000005294
-0.000002000	0.000012146
-0.000001000	0.000104092
0.000000000	0.000272187
0.000001000	0.000340329
0.000002000	0.000341900
0.000003000	0.000337329
0.000004000	0.000315042
0.000005000	0.000328043
0.000006000	0.000325900
0.000007000	0.000321185
0.000008000	0.000304614
0.000009000	0.000319185
0.000010000	0.000314185
0.000011000	0.000314614
0.000012000	0.000309185
0.000013000	0.000304614
0.000014000	0.000299185
0.000015000	0.000294614
0.000016000	0.000297471
0.000017000	0.000297471
0.000018000	0.000294900
0.000019000	0.000300185
0.000020000	0.000293328
0.000021000	0.000294614
0.000022000	0.000296471
0.000023000	0.000290329
0.000024000	0.000285757
0.000025000	0.000286900
0.000026000	0.000272758
0.000027000	0.000289900
0.000028000	0.000276901
0.000029000	0.000289186
0.000030000	0.000288329
0.000031000	0.000273330
0.000032000	0.000274473
0.000033000	0.000282758
0.000034000	0.000289186
0.000035000	0.000272187
0.000036000	0.000264045
0.000037000	0.000269187
0.000038000	0.000269330
0.000039000	0.000276901
0.000040000	0.000280472
0.000041000	0.000278901
0.000042000	0.000267759
0.000043000	0.000274615
0.000044000	0.000278758
0.000045000	0.000279329
0.000046000	0.000272901
0.000047000	0.000266473
0.000048000	0.000272616
0.000049000	0.000275473
0.000050000	0.000278472
0.000051000	0.000270044
0.000052000	0.000265473
0.000053000	0.000272758
0.000054000	0.000282043
0.000055000	0.000278044
0.000056000	0.000277044
0.000057000	0.000275758
0.000058000	0.000266473
0.000059000	0.000258189
0.000060000	0.000259189
0.000061000	0.000262045
0.000062000	0.000272901
0.000063000	0.000266045
0.000064000	0.000267188
0.000065000	0.000258474
0.000066000	0.000258903
0.000067000	0.000261902
0.000068000	0.000264045
0.000069000	0.000252904
0.000070000	0.000251618
0.000071000	0.000259474
0.000072000	0.000258189
0.000073000	0.000261474
0.000074000	0.000273044
0.000075000	0.000256617
0.000076000	0.000257617
0.000077000	0.000255760
0.000078000	0.000269187
0.000079000	0.000249047
0.000080000	0.000260046
0.000081000	0.000258760
0.000082000	0.000256046
0.000083000	0.000255760
0.000084000	0.000248047
0.000085000	0.000253332
0.000086000	0.000250047
0.000087000	0.000259046
0.000088000	0.000246190
0.000089000	0.000247047
0.000090000	0.000251332
0.000091000	0.000255332
0.000092000	0.000257760
0.000093000	0.000262760
0.000094000	0.000261760
0.000095000	0.000249047
0.000096000	0.000252332
0.000097000	0.000265045
0.000098000	0.000250904
0.000099000	0.000249476
0.000100000	0.000250047
0.000101000	0.000249190
0.000102000	0.000243334
0.000103000	0.000248333
0.000104000	0.000251618
0.000105000	0.000248619
0.000106000	0.000243048
0.000107000	0.000249047
0.000108000	0.000251190
0.000109000	0.000249618
0.000110000	0.000244333
0.000111000	0.000239049
0.000112000	0.000237620
0.000113000	0.000245762
0.000114000	0.000238192
0.000115000	0.000236906
0.000116000	0.000257189
0.000117000	0.000239191
0.000118000	0.000250333
0.000119000	0.000239049
0.000120000	0.000240905
0.000121000	0.000238763
0.000122000	0.000232621
0.000123000	0.000233907
0.000124000	0.000243619
0.000125000	0.000248619
0.000126000	0.000239620
0.000127000	0.000246619
0.000128000	0.000251047
0.000129000	0.000247333
0.000130000	0.000235906
0.000131000	0.000241477
0.000132000	0.000247476
0.000133000	0.000251047
0.000134000	0.000241905
0.000135000	0.000238620
0.000136000	0.000240334
0.000137000	0.000249047
0.000138000	0.000248619
0.000139000	0.000246619
0.000140000	0.000238906
0.000141000	0.000251047
0.000142000	0.000249618
0.000143000	0.000250761
0.000144000	0.000236049
0.000145000	0.000236763
0.000146000	0.000240191
0.000147000	0.000239477
0.000148000	0.000241048
0.000149000	0.000243905
0.000150000	0.000232764
0.000151000	0.000240620
0.000152000	0.000236335
0.000153000	0.000237906
0.000154000	0.000230764
0.000155000	0.000234621
0.000156000	0.000238620
0.000157000	0.000237620
0.000158000	0.000256760
0.000159000	0.000229336
0.000160000	0.000233192
0.000161000	0.000226337
0.000162000	0.000239620
0.000163000	0.000238192
0.000164000	0.000235049
0.000165000	0.000231193
0.000166000	0.000241620
0.000167000	0.000241762
0.000168000	0.000239334
0.000169000	0.000239763
0.000170000	0.000230336
0.000171000	0.000230193
0.000172000	0.000228336
0.000173000	0.000243762
0.000174000	0.000238620
0.000175000	0.000237906
0.000176000	0.000238334
0.000177000	0.000244048
0.000178000	0.000238192
0.000179000	0.000233907
0.000180000	0.000237906
0.000181000	0.000238620
0.000182000	0.000230193
0.000183000	0.000230622
0.000184000	0.000235906
0.000185000	0.000232478
0.000186000	0.000222766
0.000187000	0.000234764
0.000188000	0.000238192
0.000189000	0.000246047
0.000190000	0.000238192
0.000191000	0.000237192
0.000192000	0.000233621
0.000193000	0.000231050
0.000194000	0.000225623
0.000195000	0.000234764
0.000196000	0.000235049
0.000197000	0.000229193
0.000198000	0.000231193
0.000199000	0.000237906
0.000200000	0.000232621
0.000201000	0.000227908
0.000202000	0.000225623
0.000203000	0.000228622
0.000204000	0.000220338
0.000205000	0.000222909
0.000206000	0.000234906
0.000207000	0.000226337
0.000208000	0.000231764
0.000209000	0.000236906
0.000210000	0.000227622
0.000211000	0.000231193
0.000212000	0.000234764
0.000213000	0.000220909
0.000214000	0.000237477
0.000215000	0.000242477
0.000216000	0.000232764
0.000217000	0.000234478
0.000218000	0.000241762
0.000219000	0.000233478
0.000220000	0.000237906
0.000221000	0.000229765
0.000222000	0.000229050
0.000223000	0.000231907
0.000224000	0.000231336
0.000225000	0.000225480
0.000226000	0.000234049
0.000227000	0.000233621
0.000228000	0.000224766
0.000229000	0.000234335
0.000230000	0.000236049
0.000231000	0.000232050
0.000232000	0.000222195
0.000233000	0.000223766
0.000234000	0.000220766
0.000235000	0.000223337
0.000236000	0.000219052
0.000237000	0.000233050
0.000238000	0.000231479
0.000239000	0.000224051
0.000240000	0.000214054
0.000241000	0.000215767
0.000242000	0.000224908
0.000243000	0.000224908
0.000244000	0.000220624
0.000245000	0.000238334
0.000246000	0.000237335
0.000247000	0.000235192
0.000248000	0.000225480
0.000249000	0.000231050
0.000250000	0.000232478
0.000251000	0.000240048
0.000252000	0.000227194
0.000253000	0.000222623
0.000254000	0.000226194
0.000255000	0.000220909
0.000256000	0.000229765
0.000257000	0.000233050
0.000258000	0.000222337
0.000259000	0.000219909
0.000260000	0.000218624
0.000261000	0.000224480
0.000262000	0.000223194
0.000263000	0.000227908
0.000264000	0.000229050
0.000265000	0.000238763
0.000266000	0.000231193
0.000267000	0.000233050
0.000268000	0.000222909
0.000269000	0.000225337
0.000270000	0.000215910
0.000271000	0.000238477
0.000272000	0.000229622
0.000273000	0.000219338
0.000274000	0.000219481
0.000275000	0.000215196
0.000276000	0.000223337
0.000277000	0.000232764
0.000278000	0.000224051
0.000279000	0.000219195
0.000280000	0.000223480
0.000281000	0.000227765
0.000282000	0.000223052
0.000283000	0.000216767
0.000284000	0.000220338
0.000285000	0.000220909
0.000286000	0.000228051
0.000287000	0.000226908
0.000288000	0.000230907
0.000289000	0.000223337
0.000290000	0.000217196
0.000291000	0.000219767
0.000292000	0.000226479
0.000293000	0.000221909
0.000294000	0.000221481
0.000295000	0.000230050
0.000296000	0.000213768
0.000297000	0.000215339
0.000298000	0.000219481
0.000299000	0.000213054
0.000300000	0.000217053
0.000301000	0.000214625
0.000302000	0.000211054
0.000303000	0.000213625
0.000304000	0.000211911
0.000305000	0.000211626
0.000306000	0.000212768
0.000307000	0.000220052
0.000308000	0.000212483
0.000309000	0.000222909
0.000310000	0.000218767
0.000311000	0.000214196
0.000312000	0.000219052
0.000313000	0.000224194
0.000314000	0.000226622
0.000315000	0.000217196
0.000316000	0.000226908
0.000317000	0.000217481
0.000318000	0.000208483
0.000319000	0.000223623
0.000320000	0.000222480
0.000321000	0.000215625
0.000322000	0.000220766
0.000323000	0.000219195
0.000324000	0.000222766
0.000325000	0.000222480
0.000326000	0.000217910
0.000327000	0.000210483
0.000328000	0.000216339
0.000329000	0.000209626
0.000330000	0.000216196
0.000331000	0.000210054
0.000332000	0.000222052
0.000333000	0.000223623
0.000334000	0.000220766
0.000335000	0.000221623
0.000336000	0.000212483
0.000337000	0.000220624
0.000338000	0.000225194
0.000339000	0.000212483
0.000340000	0.000215196
0.000341000	0.000212911
0.000342000	0.000215196
0.000343000	0.000218481
0.000344000	0.000205484
0.000345000	0.000218624
0.000346000	0.000213911
0.000347000	0.000215339
0.000348000	0.000229336
0.000349000	0.000215053
0.000350000	0.000204056
0.000351000	0.000219767
0.000352000	0.000211911
0.000353000	0.000210340
0.000354000	0.000213482
0.000355000	0.000221338
0.000356000	0.000230193
0.000357000	0.000218624
0.000358000	0.000207055
0.000359000	0.000202628
0.000360000	0.000222480
0.000361000	0.000218338
0.000362000	0.000221338
0.000363000	0.000209769
0.000364000	0.000221052
0.000365000	0.000225623
0.000366000	0.000216624
0.000367000	0.000224766
0.000368000	0.000223052
0.000369000	0.000209769
0.000370000	0.000222623
0.000371000	0.000224337
0.000372000	0.000217624
0.000373000	0.000212911
0.000374000	0.000223623
0.000375000	0.000221052
0.000376000	0.000212768
0.000377000	0.000211911
0.000378000	0.000222766
0.000379000	0.000215196
0.000380000	0.000217053
0.000381000	0.000232193
0.000382000	0.000225765
0.000383000	0.000231479
0.000384000	0.000212911
0.000385000	0.000218910
0.000386000	0.000228193
0.000387000	0.000210197
0.000388000	0.000215910
0.000389000	0.000209340
0.000390000	0.000222623
0.000391000	0.000231764
0.000392000	0.000224766
0.000393000	0.000219481
0.000394000	0.000213197
0.000395000	0.000225194
0.000396000	0.000220338
0.000397000	0.000221052
0.000398000	0.000209912
0.000399000	0.000219624
0.000400000	0.000222052
0.000401000	0.000202342
0.000402000	0.000206055
0.000403000	0.000204484
0.000404000	0.000205627
0.000405000	0.000216482
0.000406000	0.000215482
0.000407000	0.000220052
0.000408000	0.000214482
0.000409000	0.000210197
0.000410000	0.000212197
0.000411000	0.000212911
0.000412000	0.000213911
0.000413000	0.000208341
0.000414000	0.000199486
0.000415000	0.000199629
0.000416000	0.000202485
0.000417000	0.000211911
0.000418000	0.000209340
0.000419000	0.000199914
0.000420000	0.000201200
0.000421000	0.000213482
0.000422000	0.000211626
0.000423000	0.000224480
0.000424000	0.000220052
0.000425000	0.000213768
0.000426000	0.000209483
0.000427000	0.000213625
0.000428000	0.000211197
0.000429000	0.000203199
0.000430000	0.000213625
0.000431000	0.000209055
0.000432000	0.000217624
0.000433000	0.000218624
0.000434000	0.000211626
0.000435000	0.000218338
0.000436000	0.000225765
0.000437000	0.000215053
0.000438000	0.000211626
0.000439000	0.000213054
0.000440000	0.000222052
0.000441000	0.000219909
0.000442000	0.000220195
0.000443000	0.000211911
0.000444000	0.000207912
0.000445000	0.000206484
0.000446000	0.000214625
0.000447000	0.000212054
0.000448000	0.000210911
0.000449000	0.000204627
0.000450000	0.000213482
0.000451000	0.000215053
0.000452000	0.000215053
0.000453000	0.000209912
0.000454000	0.000212911
0.000455000	0.000196915
0.000456000	0.000204056
0.000457000	0.000205341
0.000458000	0.000214911
0.000459000	0.000207912
0.000460000	0.000209626
0.000461000	0.000202485
0.000462000	0.000199629
0.000463000	0.000209769
0.000464000	0.000210626
0.000465000	0.000215482
0.000466000	0.000212768
0.000467000	0.000211768
0.000468000	0.000203342
0.000469000	0.000188489
0.000470000	0.000220481
0.000471000	0.000199057
0.000472000	0.000210911
0.000473000	0.000208055
0.000474000	0.000213197
0.000475000	0.000209055
0.000476000	0.000204770
0.000477000	0.000187917
0.000478000	0.000199057
0.000479000	0.000205341
0.000480000	0.000204484
0.000481000	0.000206341
0.000482000	0.000205627
0.000483000	0.000200628
0.000484000	0.000216053
0.000485000	0.000211483
0.000486000	0.000206912
0.000487000	0.000223194
0.000488000	0.000201771
0.000489000	0.000220052
0.000490000	0.000214482
0.000491000	0.000210340
0.000492000	0.000203770
0.000493000	0.000208912
0.000494000	0.000212340
0.000495000	0.000219338
0.000496000	0.000218624
0.000497000	0.000206198
0.000498000	0.000204770
0.000499000	0.000224766
0.000500000	0.000218910
0.000501000	0.000198486
0.000502000	0.000197772
0.000503000	0.000203342
0.000504000	0.000202342
0.000505000	0.000200057
0.000506000	0.000210769
0.000507000	0.000203770
0.000508000	0.000208769
0.000509000	0.000197058
0.000510000	0.000206484
0.000511000	0.000214768
0.000512000	0.000204199
0.000513000	0.000206770
0.000514000	0.000199343
0.000515000	0.000202771
0.000516000	0.000209769
0.000517000	0.000215767
0.000518000	0.000213197
0.000519000	0.000200771
0.000520000	0.000210911
0.000521000	0.000214625
0.000522000	0.000208341
0.000523000	0.000219767
0.000524000	0.000205627
0.000525000	0.000205056
0.000526000	0.000198486
0.000527000	0.000204484
0.000528000	0.000211768
0.000529000	0.000202628
0.000530000	0.000194487
0.000531000	0.000203770
0.000532000	0.000212768
0.000533000	0.000207341
0.000534000	0.000208626
0.000535000	0.000200485
0.000536000	0.000200628
0.000537000	0.000211340
0.000538000	0.000206484
0.000539000	0.000207341
0.000540000	0.000209769
0.000541000	0.000199200
0.000542000	0.000196629
0.000543000	0.000196772
0.000544000	0.000204770
0.000545000	0.000210911
0.000546000	0.000203342
0.000547000	0.000196201
0.000548000	0.000197629
0.000549000	0.000215053
0.000550000	0.000196201
0.000551000	0.000193344
0.000552000	0.000199486
0.000553000	0.000191345
0.000554000	0.000204770
0.000555000	0.000207341
0.000556000	0.000196629
0.000557000	0.000205341
0.000558000	0.000202199
0.000559000	0.000209340
0.000560000	0.000195915
0.000561000	0.000206627
0.000562000	0.000200771
0.000563000	0.000203627
0.000564000	0.000195772
0.000565000	0.000207769
0.000566000	0.000203913
0.000567000	0.000204627
0.000568000	0.000194630
0.000569000	0.000202485
0.000570000	0.000204484
0.000571000	0.000210197
0.000572000	0.000207198
0.000573000	0.000196915
0.000574000	0.000205484
0.000575000	0.000212625
0.000576000	0.000222623
0.000577000	0.000201628
0.000578000	0.000205199
0.000579000	0.000195487
0.000580000	0.000212054
0.000581000	0.000210626
0.000582000	0.000194059
0.000583000	0.000194773
0.000584000	0.000188060
0.000585000	0.000196772
0.000586000	0.000205913
0.000587000	0.000204342
0.000588000	0.000213339
0.000589000	0.000203199
0.000590000	0.000201342
0.000591000	0.000195772
0.000592000	0.000192059
0.000593000	0.000197058
0.000594000	0.000193344
0.000595000	0.000196915
0.000596000	0.000192488
0.000597000	0.000200771
0.000598000	0.000192630
0.000599000	0.000188346
0.000600000	0.000210340
0.000601000	0.000203627
0.000602000	0.000197343
0.000603000	0.000196344
0.000604000	0.000194487
0.000605000	0.000204342
0.000606000	0.000201914
0.000607000	0.000202628
0.000608000	0.000204484
0.000609000	0.000204770
0.000610000	0.000201485
0.000611000	0.000209483
0.000612000	0.000211197
0.000613000	0.000183205
0.000614000	0.000197343
0.000615000	0.000189346
0.000616000	0.000202628
0.000617000	0.000195772
0.000618000	0.000209769
0.000619000	0.000196344
0.000620000	0.000204627
0.000621000	0.000204913
0.000622000	0.000196915
0.000623000	0.000201628
0.000624000	0.000209626
0.000625000	0.000207055
0.000626000	0.000203627
0.000627000	0.000203913
0.000628000	0.000202771
0.000629000	0.000194915
0.000630000	0.000195630
0.000631000	0.000207769
0.000632000	0.000199057
0.000633000	0.000201057
0.000634000	0.000201628
0.000635000	0.000200771
0.000636000	0.000201914
0.000637000	0.000201485
0.000638000	0.000200914
0.000639000	0.000208341
0.000640000	0.000197343
0.000641000	0.000201057
0.000642000	0.000199914
0.000643000	0.000196201
0.000644000	0.000194201
0.000645000	0.000198057
0.000646000	0.000210054
0.000647000	0.000202056
0.000648000	0.000202771
0.000649000	0.000196344
0.000650000	0.000203342
0.000651000	0.000196344
0.000652000	0.000200057
0.000653000	0.000204342
0.000654000	0.000202485
0.000655000	0.000201914
0.000656000	0.000204913
0.000657000	0.000206912
0.000658000	0.000214482
0.000659000	0.000191773
0.000660000	0.000191059
0.000661000	0.000198486
0.000662000	0.000200057
0.000663000	0.000202199
0.000664000	0.000194487
0.000665000	0.000198200
0.000666000	0.000206341
0.000667000	0.000206341
0.000668000	0.000204342
0.000669000	0.000210197
0.000670000	0.000203056
0.000671000	0.000194487
0.000672000	0.000200343
0.000673000	0.000193773
0.000674000	0.000189774
0.000675000	0.000196201
0.000676000	0.000201771
0.000677000	0.000195915
0.000678000	0.000190917
0.000679000	0.000198343
0.000680000	0.000196772
0.000681000	0.000191773
0.000682000	0.000203199
0.000683000	0.000208055
0.000684000	0.000204770
0.000685000	0.000199343
0.000686000	0.000186632
0.000687000	0.000191345
0.000688000	0.000208198
0.000689000	0.000194059
0.000690000	0.000194344
0.000691000	0.000199486
0.000692000	0.000184490
0.000693000	0.000190345
0.000694000	0.000204627
0.000695000	0.000187917
0.000696000	0.000202628
0.000697000	0.000197343
0.000698000	0.000199343
0.000699000	0.000201200
0.000700000	0.000202628
0.000701000	0.000201628
0.000702000	0.000190917
0.000703000	0.000198200
0.000704000	0.000186918
0.000705000	0.000192059
0.000706000	0.000196344
0.000707000	0.000189488
0.000708000	0.000188346
0.000709000	0.000206055
0.000710000	0.000192059
0.000711000	0.000194773
0.000712000	0.000199200
0.000713000	0.000201342
0.000714000	0.000213054
0.000715000	0.000196344
0.000716000	0.000192630
0.000717000	0.000186632
0.000718000	0.000198486
0.000719000	0.000197058
0.000720000	0.000192630
0.000721000	0.000203770
0.000722000	0.000199057
0.000723000	0.000198486
0.000724000	0.000212054
0.000725000	0.000206198
0.000726000	0.000205199
0.000727000	0.000204342
0.000728000	0.000205770
0.000729000	0.000196201
0.000730000	0.000199057
0.000731000	0.000195630
0.000732000	0.000184490
0.000733000	0.000194059
0.000734000	0.000204342
0.000735000	0.000197058
0.000736000	0.000198057
0.000737000	0.000196344
0.000738000	0.000191773
0.000739000	0.000185347
0.000740000	0.000190917
0.000741000	0.000190345
0.000742000	0.000197915
0.000743000	0.000197629
0.000744000	0.000190631
0.000745000	0.000201914
0.000746000	0.000197201
0.000747000	0.000206627
0.000748000	0.000201771
0.000749000	0.000197201
0.000750000	0.000194344
0.000751000	0.000192630
0.000752000	0.000196915
0.000753000	0.000194487
0.000754000	0.000193773
0.000755000	0.000201200
0.000756000	0.000186775
0.000757000	0.000193630
0.000758000	0.000187632
0.000759000	0.000187917
0.000760000	0.000201200
0.000761000	0.000195772
0.000762000	0.000186632
0.000763000	0.000191345
0.000764000	0.000198629
0.000765000	0.000208055
0.000766000	0.000207341
0.000767000	0.000201771
0.000768000	0.000197201
0.000769000	0.000195772
0.000770000	0.000188060
0.000771000	0.000190631
0.000772000	0.000198772
0.000773000	0.000189488
0.000774000	0.000187775
0.000775000	0.000181776
0.000776000	0.000194630
0.000777000	0.000187203
0.000778000	0.000194059
0.000779000	0.000192059
0.000780000	0.000205056
0.000781000	0.000202056
0.000782000	0.000196915
0.000783000	0.000189203
0.000784000	0.000188203
0.000785000	0.000187203
0.000786000	0.000195058
0.000787000	0.000187061
0.000788000	0.000181205
0.000789000	0.000183919
0.000790000	0.000199200
0.000791000	0.000197343
0.000792000	0.000188346
0.000793000	0.000201628
0.000794000	0.000191773
0.000795000	0.000198343
0.000796000	0.000201485
0.000797000	0.000201628
0.000798000	0.000197058
0.000799000	0.000189631
0.000800000	0.000199200
0.000801000	0.000194915
0.000802000	0.000189631
0.000803000	0.000193487
0.000804000	0.000192630
0.000805000	0.000189203
0.000806000	0.000193630
0.000807000	0.000192059
0.000808000	0.000189203
0.000809000	0.000195630
0.000810000	0.000193059
0.000811000	0.000189774
0.000812000	0.000190060
0.000813000	0.000203770
0.000814000	0.000194915
0.000815000	0.000183633
0.000816000	0.000198343
0.000817000	0.000198914
0.000818000	0.000199771
0.000819000	0.000205056
0.000820000	0.000195772
0.000821000	0.000179349
0.000822000	0.000191059
0.000823000	0.000190917
0.000824000	0.000187346
0.000825000	0.000198057
0.000826000	0.000187632
0.000827000	0.000194630
0.000828000	0.000200057
0.000829000	0.000188917
0.000830000	0.000200914
0.000831000	0.000194344
0.000832000	0.000189060
0.000833000	0.000190203
0.000834000	0.000190345
0.000835000	0.000185775
0.000836000	0.000196344
0.000837000	0.000189488
0.000838000	0.000197486
0.000839000	0.000194915
0.000840000	0.000197629
0.000841000	0.000191202
0.000842000	0.000192630
0.000843000	0.000184204
0.000844000	0.000187632
0.000845000	0.000180348
0.000846000	0.000187203
0.000847000	0.000185061
0.000848000	0.000184347
0.000849000	0.000185347
0.000850000	0.000194344
0.000851000	0.000187061
0.000852000	0.000188489
0.000853000	0.000193773
0.000854000	0.000185632
0.000855000	0.000188346
0.000856000	0.000187203
0.000857000	0.000183205
0.000858000	0.000186918
0.000859000	0.000181491
0.000860000	0.000191773
0.000861000	0.000201628
0.000862000	0.000199486
0.000863000	0.000190917
0.000864000	0.000194630
0.000865000	0.000181491
0.000866000	0.000186346
0.000867000	0.000189203
0.000868000	0.000180205
0.000869000	0.000187061
0.000870000	0.000180205
0.000871000	0.000201771
0.000872000	0.000182348
0.000873000	0.000182062
0.000874000	0.000189774
0.000875000	0.000202913
0.000876000	0.000190203
0.000877000	0.000200200
0.000878000	0.000198057
0.000879000	0.000193344
0.000880000	0.000196201
0.000881000	0.000182776
0.000882000	0.000187775
0.000883000	0.000191773
0.000884000	0.000187489
0.000885000	0.000191631
0.000886000	0.000192773
0.000887000	0.000180920
0.000888000	0.000185490
0.000889000	0.000191059
0.000890000	0.000184347
0.000891000	0.000194059
0.000892000	0.000189346
0.000893000	0.000188346
0.000894000	0.000183633
0.000895000	0.000182776
0.000896000	0.000192345
0.000897000	0.000193630
0.000898000	0.000187346
0.000899000	0.000187917
0.000900000	0.000186204
0.000901000	0.000179206
0.000902000	0.000192773
0.000903000	0.000193344
0.000904000	0.000190774
0.000905000	0.000194059
0.000906000	0.000183347
0.000907000	0.000195201
0.000908000	0.000197915
0.000909000	0.000189774
0.000910000	0.000181348
0.000911000	0.000197486
0.000912000	0.000205199
0.000913000	0.000190345
0.000914000	0.000187632
0.000915000	0.000176349
0.000916000	0.000180491
0.000917000	0.000194059
0.000918000	0.000188489
0.000919000	0.000185204
0.000920000	0.000184061
0.000921000	0.000195772
0.000922000	0.000191345
0.000923000	0.000188060
0.000924000	0.000180920
0.000925000	0.000185775
0.000926000	0.000193059
0.000927000	0.000194201
0.000928000	0.000180348
0.000929000	0.000195058
0.000930000	0.000185347
0.000931000	0.000185490
0.000932000	0.000180348
0.000933000	0.000182776
0.000934000	0.000179777
0.000935000	0.000191488
0.000936000	0.000202342
0.000937000	0.000195915
0.000938000	0.000188346
0.000939000	0.000191202
0.000940000	0.000196201
0.000941000	0.000178492
0.000942000	0.000193059
0.000943000	0.000186489
0.000944000	0.000190345
0.000945000	0.000176921
0.000946000	0.000179920
0.000947000	0.000191488
0.000948000	0.000196629
0.000949000	0.000181776
0.000950000	0.000176778
0.000951000	0.000177635
0.000952000	0.000189060
0.000953000	0.000182062
0.000954000	0.000181919
0.000955000	0.000184633
0.000956000	0.000187489
0.000957000	0.000186918
0.000958000	0.000191345
0.000959000	0.000178206
0.000960000	0.000182776
0.000961000	0.000183490
0.000962000	0.000177920
0.000963000	0.000192773
0.000964000	0.000186632
0.000965000	0.000178063
0.000966000	0.000175064
0.000967000	0.000191202
0.000968000	0.000182490
0.000969000	0.000183347
0.000970000	0.000183205
0.000971000	0.000196058
0.000972000	0.000192345
0.000973000	0.000189631
0.000974000	0.000198486
0.000975000	0.000190060
0.000976000	0.000174065
0.000977000	0.000176921
0.000978000	0.000171208
0.000979000	0.000179920
0.000980000	0.000187917
0.000981000	0.000179920
0.000982000	0.000185347
0.000983000	0.000195344
0.000984000	0.000193487
0.000985000	0.000183347
0.000986000	0.000181491
0.000987000	0.000176778
0.000988000	0.000184918
0.000989000	0.000187489
0.000990000	0.000178920
0.000991000	0.000184347
0.000992000	0.000185632
0.000993000	0.000189631
0.000994000	0.000192059
0.000995000	0.000194487
0.000996000	0.000196772
0.000997000	0.000191773
0.000998000	0.000186346
0.000999000	0.000181491
0.001000000	0.000188346
0.001001000	0.000201200
0.001002000	0.000188917
0.001003000	0.000185918
0.001004000	0.000176349
0.001005000	0.000183205
0.001006000	0.000189631
0.001007000	0.000177349
0.001008000	0.000172065
0.001009000	0.000171208
0.001010000	0.000168209
0.001011000	0.000182205
0.001012000	0.000180348
0.001013000	0.000186061
0.001014000	0.000183205
0.001015000	0.000184204
0.001016000	0.000180777
0.001017000	0.000181634
0.001018000	0.000188632
0.001019000	0.000182919
0.001020000	0.000188489
0.001021000	0.000184347
0.001022000	0.000191773
0.001023000	0.000190203
0.001024000	0.000192059
0.001025000	0.000186775
0.001026000	0.000180348
0.001027000	0.000184918
0.001028000	0.000183919
0.001029000	0.000182633
0.001030000	0.000187061
0.001031000	0.000192488
0.001032000	0.000189917
0.001033000	0.000190631
0.001034000	0.000194487
0.001035000	0.000187203
0.001036000	0.000185347
0.001037000	0.000189774
0.001038000	0.000180634
0.001039000	0.000180205
0.001040000	0.000174779
0.001041000	0.000175921
0.001042000	0.000182919
0.001043000	0.000187346
0.001044000	0.000187203
0.001045000	0.000191916
0.001046000	0.000191202
0.001047000	0.000191202
0.001048000	0.000177920
0.001049000	0.000181776
0.001050000	0.000190774
0.001051000	0.000189774
0.001052000	0.000187775
0.001053000	0.000182062
0.001054000	0.000183490
0.001055000	0.000177064
0.001056000	0.000180205
0.001057000	0.000186632
0.001058000	0.000181348
0.001059000	0.000181634
0.001060000	0.000189631
0.001061000	0.000189631
0.001062000	0.000179920
0.001063000	0.000184633
0.001064000	0.000184490
0.001065000	0.000181205
0.001066000	0.000187917
0.001067000	0.000186632
0.001068000	0.000184347
0.001069000	0.000185918
0.001070000	0.000189631
0.001071000	0.000173636
0.001072000	0.000191345
0.001073000	0.000189060
0.001074000	0.000188917
0.001075000	0.000168495
0.001076000	0.000178634
0.001077000	0.000177349
0.001078000	0.000169209
0.001079000	0.000184204
0.001080000	0.000182062
0.001081000	0.000180634
0.001082000	0.000171494
0.001083000	0.000175493
0.001084000	0.000182490
0.001085000	0.000187775
0.001086000	0.000188203
0.001087000	0.000189346
0.001088000	0.000183205
0.001089000	0.000184490
0.001090000	0.000183490
0.001091000	0.000174921
0.001092000	0.000169066
0.001093000	0.000177920
0.001094000	0.000185490
0.001095000	0.000176064
0.001096000	0.000174350
0.001097000	0.000171922
0.001098000	0.000183490
0.001099000	0.000178634
0.001100000	0.000177064
0.001101000	0.000173636
0.001102000	0.000185061
0.001103000	0.000165210
0.001104000	0.000174921
0.001105000	0.000174636
0.001106000	0.000190060
0.001107000	0.000176207
0.001108000	0.000179349
0.001109000	0.000174921
0.001110000	0.000178492
0.001111000	0.000171494
0.001112000	0.000167210
0.001113000	0.000174207
0.001114000	0.000176635
0.001115000	0.000171494
0.001116000	0.000176492
0.001117000	0.000179063
0.001118000	0.000173350
0.001119000	0.000184775
0.001120000	0.000179063
0.001121000	0.000171637
0.001122000	0.000173779
0.001123000	0.000179206
0.001124000	0.000174921
0.001125000	0.000172636
0.001126000	0.000185490
0.001127000	0.000178920
0.001128000	0.000178349
0.001129000	0.000180063
0.001130000	0.000177492
0.001131000	0.000172208
0.001132000	0.000171065
0.001133000	0.000177778
0.001134000	0.000186204
0.001135000	0.000188346
0.001136000	0.000177064
0.001137000	0.000178777
0.001138000	0.000166638
0.001139000	0.000173922
0.001140000	0.000165210
0.001141000	0.000177778
0.001142000	0.000175778
0.001143000	0.000174636
0.001144000	0.000179634
0.001145000	0.000184775
0.001146000	0.000181205
0.001147000	0.000184204
0.001148000	0.000174207
0.001149000	0.000176778
0.001150000	0.000179491
0.001151000	0.000188489
0.001152000	0.000187061
0.001153000	0.000181919
0.001154000	0.000173636
0.001155000	0.000177064
0.001156000	0.000174065
0.001157000	0.000182062
0.001158000	0.000164782
0.001159000	0.000182919
0.001160000	0.000187632
0.001161000	0.000186775
0.001162000	0.000188203
0.001163000	0.000185775
0.001164000	0.000172351
0.001165000	0.000173636
0.001166000	0.000176349
0.001167000	0.000174207
0.001168000	0.000166638
0.001169000	0.000181062
0.001170000	0.000182776
0.001171000	0.000176921
0.001172000	0.000190060
0.001173000	0.000180348
0.001174000	0.000182205
0.001175000	0.000179206
0.001176000	0.000180348
0.001177000	0.000186489
0.001178000	0.000173350
0.001179000	0.000182062
0.001180000	0.000177778
0.001181000	0.000196201
0.001182000	0.000184347
0.001183000	0.000189631
0.001184000	0.000191631
0.001185000	0.000176635
0.001186000	0.000183062
0.001187000	0.000171780
0.001188000	0.000166781
0.001189000	0.000176207
0.001190000	0.000183490
0.001191000	0.000176778
0.001192000	0.000178349
0.001193000	0.000192059
0.001194000	0.000179063
0.001195000	0.000180063
0.001196000	0.000175207
0.001197000	0.000186061
0.001198000	0.000185490
0.001199000	0.000180920
0.001200000	0.000179777
0.001201000	0.000184061
0.001202000	0.000179920
0.001203000	0.000176778
0.001204000	0.000167210
0.001205000	0.000178063
0.001206000	0.000171494
0.001207000	0.000167352
0.001208000	0.000172494
0.001209000	0.000178634
0.001210000	0.000177492
0.001211000	0.000174493
0.001212000	0.000174493
0.001213000	0.000168209
0.001214000	0.000180634
0.001215000	0.000174779
0.001216000	0.000184775
0.001217000	0.000182205
0.001218000	0.000177920
0.001219000	0.000177635
0.001220000	0.000169780
0.001221000	0.000171780
0.001222000	0.000175778
0.001223000	0.000174065
0.001224000	0.000181348
0.001225000	0.000187346
0.001226000	0.000180634
0.001227000	0.000177920
0.001228000	0.000162640
0.001229000	0.000175207
0.001230000	0.000185061
0.001231000	0.000169495
0.001232000	0.000176207
0.001233000	0.000180063
0.001234000	0.000178777
0.001235000	0.000167638
0.001236000	0.000181634
0.001237000	0.000172351
0.001238000	0.000174207
0.001239000	0.000174207
0.001240000	0.000169352
0.001241000	0.000181348
0.001242000	0.000168923
0.001243000	0.000180205
0.001244000	0.000192916
0.001245000	0.000177778
0.001246000	0.000182776
0.001247000	0.000176635
0.001248000	0.000159926
0.001249000	0.000167352
0.001250000	0.000167781
0.001251000	0.000165924
0.001252000	0.000170923
0.001253000	0.000188489
0.001254000	0.000187632
0.001255000	0.000176207
0.001256000	0.000186346
0.001257000	0.000186346
0.001258000	0.000174493
0.001259000	0.000183776
0.001260000	0.000184061
0.001261000	0.000193059
0.001262000	0.000171780
0.001263000	0.000173922
0.001264000	0.000183490
0.001265000	0.000181491
0.001266000	0.000164639
0.001267000	0.000175064
0.001268000	0.000168066
0.001269000	0.000173208
0.001270000	0.000176492
0.001271000	0.000184347
0.001272000	0.000187061
0.001273000	0.000170637
0.001274000	0.000171637
0.001275000	0.000179206
0.001276000	0.000177349
0.001277000	0.000178492
0.001278000	0.000168781
0.001279000	0.000172065
0.001280000	0.000178777
0.001281000	0.000178920
0.001282000	0.000180777
0.001283000	0.000180634
0.001284000	0.000176349
0.001285000	0.000183633
0.001286000	0.000171351
0.001287000	0.000179634
0.001288000	0.000173208
0.001289000	0.000178920
0.001290000	0.000162068
0.001291000	0.000183776
0.001292000	0.000176635
0.001293000	0.000187061
0.001294000	0.000172636
0.001295000	0.000181348
0.001296000	0.000179349
0.001297000	0.000181491
0.001298000	0.000178349
0.001299000	0.000169495
0.001300000	0.000188060
0.001301000	0.000171780
0.001302000	0.000173636
0.001303000	0.000167067
0.001304000	0.000176064
0.001305000	0.000172351
0.001306000	0.000176635
0.001307000	0.000184633
0.001308000	0.000186489
0.001309000	0.000176349
0.001310000	0.000180205
0.001311000	0.000181634
0.001312000	0.000176635
0.001313000	0.000175064
0.001314000	0.000167638
0.001315000	0.000182062
0.001316000	0.000169352
0.001317000	0.000167781
0.001318000	0.000168066
0.001319000	0.000167638
0.001320000	0.000174921
0.001321000	0.000165782
0.001322000	0.000182633
0.001323000	0.000181205
0.001324000	0.000176349
0.001325000	0.000178920
0.001326000	0.000188060
0.001327000	0.000181776
0.001328000	0.000176921
0.001329000	0.000174065
0.001330000	0.000177492
0.001331000	0.000166924
0.001332000	0.000173350
0.001333000	0.000179777
0.001334000	0.000176492
0.001335000	0.000180920
0.001336000	0.000171494
0.001337000	0.000170351
0.001338000	0.000177064
0.001339000	0.000176921
0.001340000	0.000166924
0.001341000	0.000181919
0.001342000	0.000181634
0.001343000	0.000180920
0.001344000	0.000168923
0.001345000	0.000179349
0.001346000	0.000169352
0.001347000	0.000178063
0.001348000	0.000174350
0.001349000	0.000170351
0.001350000	0.000178777
0.001351000	0.000179349
0.001352000	0.000175493
0.001353000	0.000175064
0.001354000	0.000167638
0.001355000	0.000171780
0.001356000	0.000183919
0.001357000	0.000182490
0.001358000	0.000181491
0.001359000	0.000177206
0.001360000	0.000170494
0.001361000	0.000180063
0.001362000	0.000174493
0.001363000	0.000174493
0.001364000	0.000165496
0.001365000	0.000173779
0.001366000	0.000176064
0.001367000	0.000170351
0.001368000	0.000170494
0.001369000	0.000169780
0.001370000	0.000177349
0.001371000	0.000176635
0.001372000	0.000178634
0.001373000	0.000175350
0.001374000	0.000169495
0.001375000	0.000172494
0.001376000	0.000179634
0.001377000	0.000180063
0.001378000	0.000178920
0.001379000	0.000170351
0.001380000	0.000171494
0.001381000	0.000169637
0.001382000	0.000175064
0.001383000	0.000172208
0.001384000	0.000173636
0.001385000	0.000176921
0.001386000	0.000173922
0.001387000	0.000171637
0.001388000	0.000174493
0.001389000	0.000174779
0.001390000	0.000173922
0.001391000	0.000170209
0.001392000	0.000162640
0.001393000	0.000154785
0.001394000	0.000171780
0.001395000	0.000159641
0.001396000	0.000175493
0.001397000	0.000170209
0.001398000	0.000168352
0.001399000	0.000182205
0.001400000	0.000160498
0.001401000	0.000165067
0.001402000	0.000167067
0.001403000	0.000167352
0.001404000	0.000176064
0.001405000	0.000174350
0.001406000	0.000165067
0.001407000	0.000167781
0.001408000	0.000175921
0.001409000	0.000173350
0.001410000	0.000172208
0.001411000	0.000179063
0.001412000	0.000164068
0.001413000	0.000176207
0.001414000	0.000164782
0.001415000	0.000166496
0.001416000	0.000170351
0.001417000	0.000174921
0.001418000	0.000179634
0.001419000	0.000180634
0.001420000	0.000176635
0.001421000	0.000172351
0.001422000	0.000173636
0.001423000	0.000174921
0.001424000	0.000178492
0.001425000	0.000173208
0.001426000	0.000173779
0.001427000	0.000170637
0.001428000	0.000164782
0.001429000	0.000174207
0.001430000	0.000174636
0.001431000	0.000172208
0.001432000	0.000173350
0.001433000	0.000173636
0.001434000	0.000170351
0.001435000	0.000171351
0.001436000	0.000166638
0.001437000	0.000178349
0.001438000	0.000194915
0.001439000	0.000172065
0.001440000	0.000172065
0.001441000	0.000166210
0.001442000	0.000165639
0.001443000	0.000163639
0.001444000	0.000169780
0.001445000	0.000161497
0.001446000	0.000169637
0.001447000	0.000172494
0.001448000	0.000171780
0.001449000	0.000170494
0.001450000	0.000175921
0.001451000	0.000174636
0.001452000	0.000174207
0.001453000	0.000166924
0.001454000	0.000175635
0.001455000	0.000184775
0.001456000	0.000175207
0.001457000	0.000170066
0.001458000	0.000182205
0.001459000	0.000181348
0.001460000	0.000161640
0.001461000	0.000176349
0.001462000	0.000176635
0.001463000	0.000179634
0.001464000	0.000169209
0.001465000	0.000169495
0.001466000	0.000159212
0.001467000	0.000160926
0.001468000	0.000155071
0.001469000	0.000160498
0.001470000	0.000178349
0.001471000	0.000176349
0.001472000	0.000174493
0.001473000	0.000177349
0.001474000	0.000166924
0.001475000	0.000172351
0.001476000	0.000162640
0.001477000	0.000174493
0.001478000	0.000161640
0.001479000	0.000168066
0.001480000	0.000177778
0.001481000	0.000181491
0.001482000	0.000161926
0.001483000	0.000163068
0.001484000	0.000169066
0.001485000	0.000170780
0.001486000	0.000174065
0.001487000	0.000188060
0.001488000	0.000180491
0.001489000	0.000183490
0.001490000	0.000177349
0.001491000	0.000186775
0.001492000	0.000169066
0.001493000	0.000183776
0.001494000	0.000173208
0.001495000	0.000165639
0.001496000	0.000172494
0.001497000	0.000167924
0.001498000	0.000175350
0.001499000	0.000174207
0.001500000	0.000173779
0.001501000	0.000168209
0.001502000	0.000163354
0.001503000	0.000163925
0.001504000	0.000172779
0.001505000	0.000166638
0.001506000	0.000171922
0.001507000	0.000180634
0.001508000	0.000170780
0.001509000	0.000172494
0.001510000	0.000167067
0.001511000	0.000173208
0.001512000	0.000178920
0.001513000	0.000173208
0.001514000	0.000170923
0.001515000	0.000168352
0.001516000	0.000171780
0.001517000	0.000167210
0.001518000	0.000169066
0.001519000	0.000169352
0.001520000	0.000182776
0.001521000	0.000169209
0.001522000	0.000175778
0.001523000	0.000174350
0.001524000	0.000162211
0.001525000	0.000154500
0.001526000	0.000174493
0.001527000	0.000161354
0.001528000	0.000163068
0.001529000	0.000166210
0.001530000	0.000172494
0.001531000	0.000165496
0.001532000	0.000166353
0.001533000	0.000170209
0.001534000	0.000159212
0.001535000	0.000167067
0.001536000	0.000171065
0.001537000	0.000162068
0.001538000	0.000172208
0.001539000	0.000165210
0.001540000	0.000185347
0.001541000	0.000172065
0.001542000	0.000176064
0.001543000	0.000179777
0.001544000	0.000164782
0.001545000	0.000169209
0.001546000	0.000177635
0.001547000	0.000172065
0.001548000	0.000186061
0.001549000	0.000177778
0.001550000	0.000180348
0.001551000	0.000165210
0.001552000	0.000171494
0.001553000	0.000172922
0.001554000	0.000166781
0.001555000	0.000165924
0.001556000	0.000169209
0.001557000	0.000169780
0.001558000	0.000165353
0.001559000	0.000166781
0.001560000	0.000165353
0.001561000	0.000169066
0.001562000	0.000166067
0.001563000	0.000166924
0.001564000	0.000172494
0.001565000	0.000156071
0.001566000	0.000173065
0.001567000	0.000166353
0.001568000	0.000168495
0.001569000	0.000165496
0.001570000	0.000172636
0.001571000	0.000177206
0.001572000	0.000169923
0.001573000	0.000163925
0.001574000	0.000162068
0.001575000	0.000169780
0.001576000	0.000168209
0.001577000	0.000156499
0.001578000	0.000168352
0.001579000	0.000167924
0.001580000	0.000164211
0.001581000	0.000177920
0.001582000	0.000168923
0.001583000	0.000172922
0.001584000	0.000157784
0.001585000	0.000168923
0.001586000	0.000177064
0.001587000	0.000173208
0.001588000	0.000163782
0.001589000	0.000178777
0.001590000	0.000175064
0.001591000	0.000166638
0.001592000	0.000170637
0.001593000	0.000162783
0.001594000	0.000171780
0.001595000	0.000168638
0.001596000	0.000165924
0.001597000	0.000165924
0.001598000	0.000178777
0.001599000	0.000180205
0.001600000	0.000171494
0.001601000	0.000160783
0.001602000	0.000166924
0.001603000	0.000160212
0.001604000	0.000155928
0.001605000	0.000175207
0.001606000	0.000164925
0.001607000	0.000160640
0.001608000	0.000160926
0.001609000	0.000175778
0.001610000	0.000163782
0.001611000	0.000162640
0.001612000	0.000168495
0.001613000	0.000166496
0.001614000	0.000177920
0.001615000	0.000168495
0.001616000	0.000165210
0.001617000	0.000157356
0.001618000	0.000150216
0.001619000	0.000168781
0.001620000	0.000161069
0.001621000	0.000169637
0.001622000	0.000169637
0.001623000	0.000167924
0.001624000	0.000174636
0.001625000	0.000166210
0.001626000	0.000171780
0.001627000	0.000157499
0.001628000	0.000158784
0.001629000	0.000174207
0.001630000	0.000167781
0.001631000	0.000172779
0.001632000	0.000162640
0.001633000	0.000172779
0.001634000	0.000176349
0.001635000	0.000178777
0.001636000	0.000167924
0.001637000	0.000162497
0.001638000	0.000166353
0.001639000	0.000161926
0.001640000	0.000164639
0.001641000	0.000161640
0.001642000	0.000154643
0.001643000	0.000166924
0.001644000	0.000168781
0.001645000	0.000164496
0.001646000	0.000169780
0.001647000	0.000165210
0.001648000	0.000161640
0.001649000	0.000161926
0.001650000	0.000173779
0.001651000	0.000171351
0.001652000	0.000166210
0.001653000	0.000158070
0.001654000	0.000163782
0.001655000	0.000164925
0.001656000	0.000165782
0.001657000	0.000162497
0.001658000	0.000180491
0.001659000	0.000172065
0.001660000	0.000165210
0.001661000	0.000164211
0.001662000	0.000166353
0.001663000	0.000166496
0.001664000	0.000163497
0.001665000	0.000158070
0.001666000	0.000172208
0.001667000	0.000161640
0.001668000	0.000155785
0.001669000	0.000158498
0.001670000	0.000167352
0.001671000	0.000170494
0.001672000	0.000172922
0.001673000	0.000171351
0.001674000	0.000171208
0.001675000	0.000171065
0.001676000	0.000166353
0.001677000	0.000169209
0.001678000	0.000163782
0.001679000	0.000154500
0.001680000	0.000166924
0.001681000	0.000162068
0.001682000	0.000178920
0.001683000	0.000169923
0.001684000	0.000169495
0.001685000	0.000158927
0.001686000	0.000168495
0.001687000	0.000180777
0.001688000	0.000173065
0.001689000	0.000173350
0.001690000	0.000175778
0.001691000	0.000170209
0.001692000	0.000163354
0.001693000	0.000169923
0.001694000	0.000165496
0.001695000	0.000159641
0.001696000	0.000172636
0.001697000	0.000185490
0.001698000	0.000166353
0.001699000	0.000171637
0.001700000	0.000169209
0.001701000	0.000171922
0.001702000	0.000164353
0.001703000	0.000171208
0.001704000	0.000171208
0.001705000	0.000169780
0.001706000	0.000159355
0.001707000	0.000173636
0.001708000	0.000156927
0.001709000	0.000164068
0.001710000	0.000156499
0.001711000	0.000155785
0.001712000	0.000165496
0.001713000	0.000163211
0.001714000	0.000175207
0.001715000	0.000177778
0.001716000	0.000169780
0.001717000	0.000173922
0.001718000	0.000171065
0.001719000	0.000152643
0.001720000	0.000165639
0.001721000	0.000162640
0.001722000	0.000162354
0.001723000	0.000160640
0.001724000	0.000162354
0.001725000	0.000164353
0.001726000	0.000161497
0.001727000	0.000158927
0.001728000	0.000168781
0.001729000	0.000173636
0.001730000	0.000165782
0.001731000	0.000154928
0.001732000	0.000162211
0.001733000	0.000165353
0.001734000	0.000169780
0.001735000	0.000172494
0.001736000	0.000170209
0.001737000	0.000166924
0.001738000	0.000172351
0.001739000	0.000175207
0.001740000	0.000165067
0.001741000	0.000158213
0.001742000	0.000156642
0.001743000	0.000163211
0.001744000	0.000151644
0.001745000	0.000169066
0.001746000	0.000165210
0.001747000	0.000168923
0.001748000	0.000172351
0.001749000	0.000166638
0.001750000	0.000164782
0.001751000	0.000163497
0.001752000	0.000167067
0.001753000	0.000160783
0.001754000	0.000169495
0.001755000	0.000160926
0.001756000	0.000164782
0.001757000	0.000169495
0.001758000	0.000164353
0.001759000	0.000162354
0.001760000	0.000169495
0.001761000	0.000160498
0.001762000	0.000160926
0.001763000	0.000159498
0.001764000	0.000156213
0.001765000	0.000160498
0.001766000	0.000157784
0.001767000	0.000173779
0.001768000	0.000172065
0.001769000	0.000161354
0.001770000	0.000166067
0.001771000	0.000160498
0.001772000	0.000163068
0.001773000	0.000161926
0.001774000	0.000156071
0.001775000	0.000159212
0.001776000	0.000154214
0.001777000	0.000158784
0.001778000	0.000162925
0.001779000	0.000159498
0.001780000	0.000163782
0.001781000	0.000155071
0.001782000	0.000161069
0.001783000	0.000149930
0.001784000	0.000159641
0.001785000	0.000158784
0.001786000	0.000165353
0.001787000	0.000168638
0.001788000	0.000166353
0.001789000	0.000158213
0.001790000	0.000160640
0.001791000	0.000155785
0.001792000	0.000166496
0.001793000	0.000163354
0.001794000	0.000164782
0.001795000	0.000158784
0.001796000	0.000153215
0.001797000	0.000159641
0.001798000	0.000159355
0.001799000	0.000160212
0.001800000	0.000173065
0.001801000	0.000184775
0.001802000	0.000162211
0.001803000	0.000151929
0.001804000	0.000154643
0.001805000	0.000164925
0.001806000	0.000169495
0.001807000	0.000160783
0.001808000	0.000153357
0.001809000	0.000158213
0.001810000	0.000159212
0.001811000	0.000156213
0.001812000	0.000158641
0.001813000	0.000160212
0.001814000	0.000165782
0.001815000	0.000161069
0.001816000	0.000163354
0.001817000	0.000168638
0.001818000	0.000159212
0.001819000	0.000163782
0.001820000	0.000166210
0.001821000	0.000153786
0.001822000	0.000162783
0.001823000	0.000167781
0.001824000	0.000156499
0.001825000	0.000153643
0.001826000	0.000157641
0.001827000	0.000163068
0.001828000	0.000160355
0.001829000	0.000160212
0.001830000	0.000157499
0.001831000	0.000167352
0.001832000	0.000156356
0.001833000	0.000160926
0.001834000	0.000155928
0.001835000	0.000157927
0.001836000	0.000164068
0.001837000	0.000155642
0.001838000	0.000154357
0.001839000	0.000162497
0.001840000	0.000166353
0.001841000	0.000158213
0.001842000	0.000158784
0.001843000	0.000162783
0.001844000	0.000153072
0.001845000	0.000160069
0.001846000	0.000163497
0.001847000	0.000167638
0.001848000	0.000171351
0.001849000	0.000156499
0.001850000	0.000155928
0.001851000	0.000159355
0.001852000	0.000160640
0.001853000	0.000158498
0.001854000	0.000160926
0.001855000	0.000157356
0.001856000	0.000165210
0.001857000	0.000151501
0.001858000	0.000159784
0.001859000	0.000150216
0.001860000	0.000149073
0.001861000	0.000150930
0.001862000	0.000156499
0.001863000	0.000158784
0.001864000	0.000158213
0.001865000	0.000158070
0.001866000	0.000156927
0.001867000	0.000161069
0.001868000	0.000165496
0.001869000	0.000158498
0.001870000	0.000155785
0.001871000	0.000158213
0.001872000	0.000156785
0.001873000	0.000160212
0.001874000	0.000166924
0.001875000	0.000162925
0.001876000	0.000163639
0.001877000	0.000163639
0.001878000	0.000167781
0.001879000	0.000161926
0.001880000	0.000159212
0.001881000	0.000160212
0.001882000	0.000157784
0.001883000	0.000152215
0.001884000	0.000149644
0.001885000	0.000153643
0.001886000	0.000159926
0.001887000	0.000160355
0.001888000	0.000147360
0.001889000	0.000162068
0.001890000	0.000158213
0.001891000	0.000147931
0.001892000	0.000166781
0.001893000	0.000167352
0.001894000	0.000170637
0.001895000	0.000164782
0.001896000	0.000162640
0.001897000	0.000170209
0.001898000	0.000159355
0.001899000	0.000151644
0.001900000	0.000162640
0.001901000	0.000163211
0.001902000	0.000161354
0.001903000	0.000144361
0.001904000	0.000161069
0.001905000	0.000156071
0.001906000	0.000149073
0.001907000	0.000154500
0.001908000	0.000154928
0.001909000	0.000161783
0.001910000	0.000165782
0.001911000	0.000161212
0.001912000	0.000158927
0.001913000	0.000158784
0.001914000	0.000162068
0.001915000	0.000157499
0.001916000	0.000170494
0.001917000	0.000157641
0.001918000	0.000155642
0.001919000	0.000168638
0.001920000	0.000168638
0.001921000	0.000162211
0.001922000	0.000149216
0.001923000	0.000159498
0.001924000	0.000153786
0.001925000	0.000151786
0.001926000	0.000163211
0.001927000	0.000169495
0.001928000	0.000170066
0.001929000	0.000151644
0.001930000	0.000167495
0.001931000	0.000153500
0.001932000	0.000172351
0.001933000	0.000162354
0.001934000	0.000174779
0.001935000	0.000170494
0.001936000	0.000167067
0.001937000	0.000158641
0.001938000	0.000149644
0.001939000	0.000155642
0.001940000	0.000162211
0.001941000	0.000160640
0.001942000	0.000171637
0.001943000	0.000163211
0.001944000	0.000163925
0.001945000	0.000166353
0.001946000	0.000156213
0.001947000	0.000159355
0.001948000	0.000150358
0.001949000	0.000153072
0.001950000	0.000147788
0.001951000	0.000160640
0.001952000	0.000168923
0.001953000	0.000163497
0.001954000	0.000163639
0.001955000	0.000152500
0.001956000	0.000161926
0.001957000	0.000162783
0.001958000	0.000166496
0.001959000	0.000164782
0.001960000	0.000154928
0.001961000	0.000165639
0.001962000	0.000157641
0.001963000	0.000162925
0.001964000	0.000163782
0.001965000	0.000152929
0.001966000	0.000148074
0.001967000	0.000160640
0.001968000	0.000168352
0.001969000	0.000158070
0.001970000	0.000158070
0.001971000	0.000157070
0.001972000	0.000152358
0.001973000	0.000155357
0.001974000	0.000148645
0.001975000	0.000149787
0.001976000	0.000151929
0.001977000	0.000156927
0.001978000	0.000145932
0.001979000	0.000156213
0.001980000	0.000161212
0.001981000	0.000149216
0.001982000	0.000153786
0.001983000	0.000148930
0.001984000	0.000164639
0.001985000	0.000167067
0.001986000	0.000159498
0.001987000	0.000157499
0.001988000	0.000162354
0.001989000	0.000158213
0.001990000	0.000151215
0.001991000	0.000157070
0.001992000	0.000151501
0.001993000	0.000148645
0.001994000	0.000160640
0.001995000	0.000160498
0.001996000	0.000156071
0.001997000	0.000159926
0.001998000	0.000156927
0.001999000	0.000158498
0.002000000	0.000155499
0.002001000	0.000165639
0.002002000	0.000164782
0.002003000	0.000160783
0.002004000	0.000173493
0.002005000	0.000173065
0.002006000	0.000165782
0.002007000	0.000153643
0.002008000	0.000164353
0.002009000	0.000163925
0.002010000	0.000157213
0.002011000	0.000150930
0.002012000	0.000161354
0.002013000	0.000165496
0.002014000	0.000155071
0.002015000	0.000151358
0.002016000	0.000156356
0.002017000	0.000155499
0.002018000	0.000156499
0.002019000	0.000159355
0.002020000	0.000161926
0.002021000	0.000172494
0.002022000	0.000152643
0.002023000	0.000166781
0.002024000	0.000161497
0.002025000	0.000165210
0.002026000	0.000164782
0.002027000	0.000170494
0.002028000	0.000170637
0.002029000	0.000167352
0.002030000	0.000157784
0.002031000	0.000165210
0.002032000	0.000169209
0.002033000	0.000156927
0.002034000	0.000168781
0.002035000	0.000159641
0.002036000	0.000166924
0.002037000	0.000163639
0.002038000	0.000166924
0.002039000	0.000163068
0.002040000	0.000170066
0.002041000	0.000162068
0.002042000	0.000152215
0.002043000	0.000148359
0.002044000	0.000154500
0.002045000	0.000158927
0.002046000	0.000153929
0.002047000	0.000160355
0.002048000	0.000164068
0.002049000	0.000163639
0.002050000	0.000159926
0.002051000	0.000162497
0.002052000	0.000160640
0.002053000	0.000165067
0.002054000	0.000159070
0.002055000	0.000164496
0.002056000	0.000165067
0.002057000	0.000155785
0.002058000	0.000155785
0.002059000	0.000151644
0.002060000	0.000152929
0.002061000	0.000167067
0.002062000	0.000151929
0.002063000	0.000151786
0.002064000	0.000147217
0.002065000	0.000152643
0.002066000	0.000160926
0.002067000	0.000163782
0.002068000	0.000157213
0.002069000	0.000145503
0.002070000	0.000155071
0.002071000	0.000158784
0.002072000	0.000155642
0.002073000	0.000152643
0.002074000	0.000162211
0.002075000	0.000159641
0.002076000	0.000166210
0.002077000	0.000165782
0.002078000	0.000169923
0.002079000	0.000168495
0.002080000	0.000152643
0.002081000	0.000159070
0.002082000	0.000163639
0.002083000	0.000156927
0.002084000	0.000165639
0.002085000	0.000159641
0.002086000	0.000165067
0.002087000	0.000149502
0.002088000	0.000162068
0.002089000	0.000156927
0.002090000	0.000158498
0.002091000	0.000152358
0.002092000	0.000158498
0.002093000	0.000163354
0.002094000	0.000149787
0.002095000	0.000149359
0.002096000	0.000152500
0.002097000	0.000150930
0.002098000	0.000151786
0.002099000	0.000153072
0.002100000	0.000161069
0.002101000	0.000159212
0.002102000	0.000153929
0.002103000	0.000163497
0.002104000	0.000154785
0.002105000	0.000133080
0.002106000	0.000146503
0.002107000	0.000155214
0.002108000	0.000159784
0.002109000	0.000161640
0.002110000	0.000158070
0.002111000	0.000142361
0.002112000	0.000159355
0.002113000	0.000170780
0.002114000	0.000153500
0.002115000	0.000149787
0.002116000	0.000145360
0.002117000	0.000156356
0.002118000	0.000155357
0.002119000	0.000145218
0.002120000	0.000154643
0.002121000	0.000162354
0.002122000	0.000173636
0.002123000	0.000145503
0.002124000	0.000150358
0.002125000	0.000146931
0.002126000	0.000145218
0.002127000	0.000159926
0.002128000	0.000165924
0.002129000	0.000157641
0.002130000	0.000157499
0.002131000	0.000159926
0.002132000	0.000162354
0.002133000	0.000162354
0.002134000	0.000162640
0.002135000	0.000167638
0.002136000	0.000164211
0.002137000	0.000163211
0.002138000	0.000160783
0.002139000	0.000154928
0.002140000	0.000152215
0.002141000	0.000161069
0.002142000	0.000146788
0.002143000	0.000141790
0.002144000	0.000153643
0.002145000	0.000149216
0.002146000	0.000155928
0.002147000	0.000144075
0.002148000	0.000152072
0.002149000	0.000154500
0.002150000	0.000158213
0.002151000	0.000149930
0.002152000	0.000151929
0.002153000	0.000148359
0.002154000	0.000154214
0.002155000	0.000162783
0.002156000	0.000155071
0.002157000	0.000158641
0.002158000	0.000161497
0.002159000	0.000171208
0.002160000	0.000157213
0.002161000	0.000159070
0.002162000	0.000162211
0.002163000	0.000160640
0.002164000	0.000161354
0.002165000	0.000147931
0.002166000	0.000159926
0.002167000	0.000156642
0.002168000	0.000154643
0.002169000	0.000151358
0.002170000	0.000152358
0.002171000	0.000163211
0.002172000	0.000156642
0.002173000	0.000144075
0.002174000	0.000140362
0.002175000	0.000154643
0.002176000	0.000155071
0.002177000	0.000159926
0.002178000	0.000144789
0.002179000	0.000155071
0.002180000	0.000152215
0.002181000	0.000161212
0.002182000	0.000150644
0.002183000	0.000165924
0.002184000	0.000159498
0.002185000	0.000168352
0.002186000	0.000161926
0.002187000	0.000158927
0.002188000	0.000142361
0.002189000	0.000153643
0.002190000	0.000142219
0.002191000	0.000161354
0.002192000	0.000157784
0.002193000	0.000143932
0.002194000	0.000153929
0.002195000	0.000163639
0.002196000	0.000153215
0.002197000	0.000161926
0.002198000	0.000162783
0.002199000	0.000162211
0.002200000	0.000154357
0.002201000	0.000158784
0.002202000	0.000164068
0.002203000	0.000157641
0.002204000	0.000154785
0.002205000	0.000160498
0.002206000	0.000157213
0.002207000	0.000147217
0.002208000	0.000155499
0.002209000	0.000162783
0.002210000	0.000161212
0.002211000	0.000161783
0.002212000	0.000162640
0.002213000	0.000158498
0.002214000	0.000152929
0.002215000	0.000158356
0.002216000	0.000149216
0.002217000	0.000157356
0.002218000	0.000155499
0.002219000	0.000161640
0.002220000	0.000160355
0.002221000	0.000164353
0.002222000	0.000162925
0.002223000	0.000155642
0.002224000	0.000147074
0.002225000	0.000146074
0.002226000	0.000150358
0.002227000	0.000163354
0.002228000	0.000151644
0.002229000	0.000157927
0.002230000	0.000158498
0.002231000	0.000155499
0.002232000	0.000154785
0.002233000	0.000154357
0.002234000	0.000144789
0.002235000	0.000153357
0.002236000	0.000150216
0.002237000	0.000158498
0.002238000	0.000146788
0.002239000	0.000157499
0.002240000	0.000156927
0.002241000	0.000153215
0.002242000	0.000158070
0.002243000	0.000160498
0.002244000	0.000150073
0.002245000	0.000148930
0.002246000	0.000151786
0.002247000	0.000165067
0.002248000	0.000164211
0.002249000	0.000000000
