-0.000250000	0.000062942
-0.000249000	0.000060210
-0.000248000	0.000066788
-0.000247000	0.000066687
-0.000246000	0.000068104
-0.000245000	0.000069824
-0.000244000	0.000060007
-0.000243000	0.000067496
-0.000242000	0.000067395
-0.000241000	0.000072152
-0.000240000	0.000061424
-0.000239000	0.000062436
-0.000238000	0.000057983
-0.000237000	0.000062942
-0.000236000	0.000059400
-0.000235000	0.000051911
-0.000234000	0.000050696
-0.000233000	0.000056971
-0.000232000	0.000051708
-0.000231000	0.000053631
-0.000230000	0.000051607
-0.000229000	0.000049178
-0.000228000	0.000046142
-0.000227000	0.000057173
-0.000226000	0.000053834
-0.000225000	0.000050696
-0.000224000	0.000055250
-0.000223000	0.000051607
-0.000222000	0.000042701
-0.000221000	0.000044624
-0.000220000	0.000039766
-0.000219000	0.000040677
-0.000218000	0.000040374
-0.000217000	0.000050494
-0.000216000	0.000034301
-0.000215000	0.000040272
-0.000214000	0.000047863
-0.000213000	0.000040374
-0.000212000	0.000041689
-0.000211000	0.000030355
-0.000210000	0.000026712
-0.000209000	0.000027724
-0.000208000	0.000026914
-0.000207000	0.000036224
-0.000206000	0.000029646
-0.000205000	0.000031873
-0.000204000	0.000020437
-0.000203000	0.000029545
-0.000202000	0.000023068
-0.000201000	0.000027319
-0.000200000	0.000022259
-0.000199000	0.000026813
-0.000198000	0.000032986
-0.000197000	0.000018110
-0.000196000	0.000027420
-0.000195000	0.000033087
-0.000194000	0.000015681
-0.000193000	0.000018616
-0.000192000	0.000020943
-0.000191000	0.000023170
-0.000190000	0.000022158
-0.000189000	0.000010520
-0.000188000	0.000018717
-0.000187000	0.000011937
-0.000186000	0.000017604
-0.000185000	0.000023574
-0.000184000	0.000020538
-0.000183000	0.000012038
-0.000182000	0.000007990
-0.000181000	0.000013252
-0.000180000	0.000013657
-0.000179000	0.000014467
-0.000178000	0.000007484
-0.000177000	0.000004853
-0.000176000	0.000006978
-0.000175000	0.000004145
-0.000174000	0.000012848
-0.000173000	0.000009913
-0.000172000	0.000009913
-0.000171000	-0.000002433
-0.000170000	-0.000002736
-0.000169000	-0.000001522
-0.000168000	-0.000003951
-0.000167000	-0.000008504
-0.000166000	-0.000006683
-0.000165000	-0.000007492
-0.000164000	-0.000008504
-0.000163000	-0.000002433
-0.000162000	-0.000006683
-0.000161000	0.000003234
-0.000160000	-0.000000510
-0.000159000	-0.000009111
-0.000158000	-0.000008808
-0.000157000	-0.000011135
-0.000156000	-0.000009921
-0.000155000	-0.000010427
-0.000154000	-0.000009718
-0.000153000	-0.000010933
-0.000152000	-0.000019736
-0.000151000	-0.000018522
-0.000150000	-0.000016599
-0.000149000	-0.000018016
-0.000148000	-0.000015587
-0.000147000	-0.000032587
-0.000146000	-0.000028033
-0.000145000	-0.000026313
-0.000144000	-0.000027831
-0.000143000	-0.000034206
-0.000142000	-0.000031373
-0.000141000	-0.000031069
-0.000140000	-0.000025909
-0.000139000	-0.000023379
-0.000138000	-0.000025403
-0.000137000	-0.000026414
-0.000136000	-0.000023176
-0.000135000	-0.000014980
-0.000134000	-0.000030158
-0.000133000	-0.000030867
-0.000132000	-0.000032081
-0.000131000	-0.000023278
-0.000130000	-0.000031474
-0.000129000	-0.000028539
-0.000128000	-0.000029754
-0.000127000	-0.000033093
-0.000126000	-0.000034003
-0.000125000	-0.000036533
-0.000124000	-0.000036331
-0.000123000	-0.000036735
-0.000122000	-0.000036938
-0.000121000	-0.000041086
-0.000120000	-0.000034206
-0.000119000	-0.000034206
-0.000118000	-0.000041997
-0.000117000	-0.000036634
-0.000116000	-0.000034307
-0.000115000	-0.000032081
-0.000114000	-0.000027123
-0.000113000	-0.000028135
-0.000112000	-0.000029146
-0.000111000	-0.000037444
-0.000110000	-0.000038961
-0.000109000	-0.000040479
-0.000108000	-0.000035622
-0.000107000	-0.000025099
-0.000106000	-0.000024897
-0.000105000	-0.000027224
-0.000104000	-0.000028438
-0.000103000	-0.000040176
-0.000102000	-0.000041390
-0.000101000	-0.000038455
-0.000100000	-0.000033396
-0.000099000	-0.000033396
-0.000098000	-0.000031980
-0.000097000	-0.000032283
-0.000096000	-0.000033093
-0.000095000	-0.000042098
-0.000094000	-0.000031373
-0.000093000	-0.000032081
-0.000092000	-0.000027426
-0.000091000	-0.000023581
-0.000090000	-0.000034914
-0.000089000	-0.000038455
-0.000088000	-0.000034105
-0.000087000	-0.000026920
-0.000086000	-0.000031170
-0.000085000	-0.000022063
-0.000084000	-0.000020849
-0.000083000	-0.000028033
-0.000082000	-0.000035622
-0.000081000	-0.000037444
-0.000080000	-0.000037241
-0.000079000	-0.000029956
-0.000078000	-0.000028438
-0.000077000	-0.000026617
-0.000076000	-0.000029248
-0.000075000	-0.000030158
-0.000074000	-0.000020849
-0.000073000	-0.000025605
-0.000072000	-0.000025909
-0.000071000	-0.000018825
-0.000070000	-0.000013665
-0.000069000	-0.000017409
-0.000068000	-0.000024188
-0.000067000	-0.000018218
-0.000066000	-0.000014677
-0.000065000	-0.000012855
-0.000064000	-0.000013462
-0.000063000	-0.000014879
-0.000062000	-0.000025807
-0.000061000	-0.000020748
-0.000060000	-0.000023682
-0.000059000	-0.000004962
-0.000058000	-0.000011641
-0.000057000	-0.000013564
-0.000056000	-0.000019938
-0.000055000	-0.000013462
-0.000054000	-0.000006076
-0.000053000	-0.000009718
-0.000052000	-0.000010629
-0.000051000	-0.000013564
-0.000050000	-0.000010831
-0.000049000	-0.000006177
-0.000048000	-0.000012552
-0.000047000	-0.000022671
-0.000046000	-0.000006986
-0.000045000	-0.000010224
-0.000044000	-0.000003546
-0.000043000	-0.000008706
-0.000042000	-0.000010831
-0.000041000	-0.000010224
-0.000040000	-0.000006278
-0.000039000	-0.000007189
-0.000038000	-0.000004861
-0.000037000	-0.000002129
-0.000036000	-0.000017105
-0.000035000	-0.000006784
-0.000034000	-0.000006480
-0.000033000	-0.000016599
-0.000032000	-0.000013462
-0.000031000	-0.000001016
-0.000030000	-0.000006177
-0.000029000	0.000001919
-0.000028000	-0.000007796
-0.000027000	0.000000907
-0.000026000	-0.000006379
-0.000025000	-0.000010224
-0.000024000	-0.000009212
-0.000023000	-0.000007998
-0.000022000	0.000002931
-0.000021000	0.000001615
-0.000020000	-0.000002534
-0.000019000	-0.000000814
-0.000018000	-0.000001421
-0.000017000	0.000002323
-0.000016000	-0.000006581
-0.000015000	-0.000009314
-0.000014000	-0.000002635
-0.000013000	-0.000001320
-0.000012000	0.000003032
-0.000011000	0.000000704
-0.000010000	0.000002425
-0.000009000	-0.000002736
-0.000008000	-0.000007087
-0.000007000	-0.000012451
-0.000006000	-0.000004861
-0.000005000	0.000003740
-0.000004000	0.000002121
-0.000003000	0.000005764
-0.000002000	0.000003639
-0.000001000	0.000094115
0.000000000	0.000340439
0.000001000	0.000415083
0.000002000	0.000417210
0.000003000	0.000399181
0.000004000	0.000388546
0.000005000	0.000382469
0.000006000	0.000372240
0.000007000	0.000351174
0.000008000	0.000343376
0.000009000	0.000340034
0.000010000	0.000337907
0.000011000	0.000328894
0.000012000	0.000325552
0.000013000	0.000321603
0.000014000	0.000316540
0.000015000	0.000315223
0.000016000	0.000309046
0.000017000	0.000302869
0.000018000	0.000296793
0.000019000	0.000283731
0.000020000	0.000288692
0.000021000	0.000285857
0.000022000	0.000290414
0.000023000	0.000291528
0.000024000	0.000287984
0.000025000	0.000283326
0.000026000	0.000284237
0.000027000	0.000283427
0.000028000	0.000272694
0.000029000	0.000271074
0.000030000	0.000275428
0.000031000	0.000281199
0.000032000	0.000270162
0.000033000	0.000268137
0.000034000	0.000257708
0.000035000	0.000266821
0.000036000	0.000269656
0.000037000	0.000259227
0.000038000	0.000260442
0.000039000	0.000255278
0.000040000	0.000266416
0.000041000	0.000260442
0.000042000	0.000261961
0.000043000	0.000261049
0.000044000	0.000252747
0.000045000	0.000255885
0.000046000	0.000245052
0.000047000	0.000249000
0.000048000	0.000243229
0.000049000	0.000249709
0.000050000	0.000249709
0.000051000	0.000247380
0.000052000	0.000243027
0.000053000	0.000244140
0.000054000	0.000246368
0.000055000	0.000249405
0.000056000	0.000245153
0.000057000	0.000237256
0.000058000	0.000233307
0.000059000	0.000249405
0.000060000	0.000248798
0.000061000	0.000244950
0.000062000	0.000241913
0.000063000	0.000236547
0.000064000	0.000242925
0.000065000	0.000236142
0.000066000	0.000232193
0.000067000	0.000233003
0.000068000	0.000233408
0.000069000	0.000235838
0.000070000	0.000235231
0.000071000	0.000231889
0.000072000	0.000228953
0.000073000	0.000230978
0.000074000	0.000226625
0.000075000	0.000229865
0.000076000	0.000229156
0.000077000	0.000233408
0.000078000	0.000230674
0.000079000	0.000222271
0.000080000	0.000218323
0.000081000	0.000220752
0.000082000	0.000227131
0.000083000	0.000226625
0.000084000	0.000227840
0.000085000	0.000222069
0.000086000	0.000219639
0.000087000	0.000221866
0.000088000	0.000228245
0.000089000	0.000223081
0.000090000	0.000215792
0.000091000	0.000220752
0.000092000	0.000227333
0.000093000	0.000217513
0.000094000	0.000217411
0.000095000	0.000220854
0.000096000	0.000218019
0.000097000	0.000218019
0.000098000	0.000212349
0.000099000	0.000223284
0.000100000	0.000209717
0.000101000	0.000218626
0.000102000	0.000212552
0.000103000	0.000211742
0.000104000	0.000221360
0.000105000	0.000217816
0.000106000	0.000220955
0.000107000	0.000211033
0.000108000	0.000216399
0.000109000	0.000219538
0.000110000	0.000218424
0.000111000	0.000218120
0.000112000	0.000208907
0.000113000	0.000202934
0.000114000	0.000213159
0.000115000	0.000209818
0.000116000	0.000202833
0.000117000	0.000209413
0.000118000	0.000210021
0.000119000	0.000207895
0.000120000	0.000211539
0.000121000	0.000204857
0.000122000	0.000201112
0.000123000	0.000206680
0.000124000	0.000208907
0.000125000	0.000212653
0.000126000	0.000212957
0.000127000	0.000201820
0.000128000	0.000201314
0.000129000	0.000206174
0.000130000	0.000203238
0.000131000	0.000200707
0.000132000	0.000195240
0.000133000	0.000194227
0.000134000	0.000198884
0.000135000	0.000209312
0.000136000	0.000201213
0.000137000	0.000197163
0.000138000	0.000198277
0.000139000	0.000206174
0.000140000	0.000202428
0.000141000	0.000204149
0.000142000	0.000202630
0.000143000	0.000206781
0.000144000	0.000206275
0.000145000	0.000200605
0.000146000	0.000198277
0.000147000	0.000196353
0.000148000	0.000199188
0.000149000	0.000203035
0.000150000	0.000198986
0.000151000	0.000199593
0.000152000	0.000193620
0.000153000	0.000192709
0.000154000	0.000186837
0.000155000	0.000191190
0.000156000	0.000196657
0.000157000	0.000199087
0.000158000	0.000188963
0.000159000	0.000188153
0.000160000	0.000198074
0.000161000	0.000191696
0.000162000	0.000189469
0.000163000	0.000196556
0.000164000	0.000194734
0.000165000	0.000186128
0.000166000	0.000178840
0.000167000	0.000187748
0.000168000	0.000187546
0.000169000	0.000182383
0.000170000	0.000189975
0.000171000	0.000182686
0.000172000	0.000188356
0.000173000	0.000187141
0.000174000	0.000181472
0.000175000	0.000189874
0.000176000	0.000190380
0.000177000	0.000179852
0.000178000	0.000186331
0.000179000	0.000191393
0.000180000	0.000178333
0.000181000	0.000183598
0.000182000	0.000187343
0.000183000	0.000180662
0.000184000	0.000175398
0.000185000	0.000192203
0.000186000	0.000178840
0.000187000	0.000182079
0.000188000	0.000190178
0.000189000	0.000171146
0.000190000	0.000182889
0.000191000	0.000184812
0.000192000	0.000181269
0.000193000	0.000183496
0.000194000	0.000183395
0.000195000	0.000175499
0.000196000	0.000175904
0.000197000	0.000178435
0.000198000	0.000182180
0.000199000	0.000178941
0.000200000	0.000187141
0.000201000	0.000172968
0.000202000	0.000175803
0.000203000	0.000183091
0.000204000	0.000179447
0.000205000	0.000176106
0.000206000	0.000177524
0.000207000	0.000176714
0.000208000	0.000181472
0.000209000	0.000193519
0.000210000	0.000185825
0.000211000	0.000186837
0.000212000	0.000175094
0.000213000	0.000180459
0.000214000	0.000179245
0.000215000	0.000179447
0.000216000	0.000171348
0.000217000	0.000170336
0.000218000	0.000184104
0.000219000	0.000167805
0.000220000	0.000169425
0.000221000	0.000172158
0.000222000	0.000171956
0.000223000	0.000168615
0.000224000	0.000169020
0.000225000	0.000175398
0.000226000	0.000164465
0.000227000	0.000163655
0.000228000	0.000167704
0.000229000	0.000169222
0.000230000	0.000176612
0.000231000	0.000174183
0.000232000	0.000178536
0.000233000	0.000173778
0.000234000	0.000170134
0.000235000	0.000171146
0.000236000	0.000169324
0.000237000	0.000175296
0.000238000	0.000177827
0.000239000	0.000174588
0.000240000	0.000176410
0.000241000	0.000168413
0.000242000	0.000179346
0.000243000	0.000170538
0.000244000	0.000172158
0.000245000	0.000166793
0.000246000	0.000169931
0.000247000	0.000173171
0.000248000	0.000173778
0.000249000	0.000172158
0.000250000	0.000172563
0.000251000	0.000167906
0.000252000	0.000174790
0.000253000	0.000172867
0.000254000	0.000169729
0.000255000	0.000171753
0.000256000	0.000174689
0.000257000	0.000177422
0.000258000	0.000172057
0.000259000	0.000172361
0.000260000	0.000171854
0.000261000	0.000169222
0.000262000	0.000171146
0.000263000	0.000156164
0.000264000	0.000154038
0.000265000	0.000159201
0.000266000	0.000158188
0.000267000	0.000166287
0.000268000	0.000169830
0.000269000	0.000171956
0.000270000	0.000164971
0.000271000	0.000162541
0.000272000	0.000167906
0.000273000	0.000170235
0.000274000	0.000164667
0.000275000	0.000176612
0.000276000	0.000170235
0.000277000	0.000162440
0.000278000	0.000168818
0.000279000	0.000164363
0.000280000	0.000162642
0.000281000	0.000160517
0.000282000	0.000166287
0.000283000	0.000170336
0.000284000	0.000170235
0.000285000	0.000168919
0.000286000	0.000158593
0.000287000	0.000165173
0.000288000	0.000162440
0.000289000	0.000158290
0.000290000	0.000155860
0.000291000	0.000165173
0.000292000	0.000164465
0.000293000	0.000159606
0.000294000	0.000159302
0.000295000	0.000165376
0.000296000	0.000166388
0.000297000	0.000164566
0.000298000	0.000157885
0.000299000	0.000163351
0.000300000	0.000162946
0.000301000	0.000154747
0.000302000	0.000166692
0.000303000	0.000160010
0.000304000	0.000171146
0.000305000	0.000166489
0.000306000	0.000151406
0.000307000	0.000150394
0.000308000	0.000153431
0.000309000	0.000163554
0.000310000	0.000166590
0.000311000	0.000163149
0.000312000	0.000163756
0.000313000	0.000154949
0.000314000	0.000154848
0.000315000	0.000166894
0.000316000	0.000159403
0.000317000	0.000158694
0.000318000	0.000166084
0.000319000	0.000163351
0.000320000	0.000164768
0.000321000	0.000159707
0.000322000	0.000151001
0.000323000	0.000156670
0.000324000	0.000165274
0.000325000	0.000172664
0.000326000	0.000161833
0.000327000	0.000155354
0.000328000	0.000158391
0.000329000	0.000160517
0.000330000	0.000145839
0.000331000	0.000167097
0.000332000	0.000162238
0.000333000	0.000156265
0.000334000	0.000152823
0.000335000	0.000142903
0.000336000	0.000150495
0.000337000	0.000150799
0.000338000	0.000149989
0.000339000	0.000151912
0.000340000	0.000159606
0.000341000	0.000161731
0.000342000	0.000156974
0.000343000	0.000155961
0.000344000	0.000155455
0.000345000	0.000157379
0.000346000	0.000164870
0.000347000	0.000157682
0.000348000	0.000153329
0.000349000	0.000152621
0.000350000	0.000147762
0.000351000	0.000150900
0.000352000	0.000156063
0.000353000	0.000142802
0.000354000	0.000148977
0.000355000	0.000152722
0.000356000	0.000152621
0.000357000	0.000150394
0.000358000	0.000150090
0.000359000	0.000158897
0.000360000	0.000156670
0.000361000	0.000145737
0.000362000	0.000153633
0.000363000	0.000155151
0.000364000	0.000162238
0.000365000	0.000154139
0.000366000	0.000156063
0.000367000	0.000158290
0.000368000	0.000155961
0.000369000	0.000152823
0.000370000	0.000159606
0.000371000	0.000145029
0.000372000	0.000147458
0.000373000	0.000150697
0.000374000	0.000150394
0.000375000	0.000166388
0.000376000	0.000158087
0.000377000	0.000157075
0.000378000	0.000155759
0.000379000	0.000147357
0.000380000	0.000146446
0.000381000	0.000149989
0.000382000	0.000136425
0.000383000	0.000142194
0.000384000	0.000148066
0.000385000	0.000157986
0.000386000	0.000162845
0.000387000	0.000155658
0.000388000	0.000150394
0.000389000	0.000149280
0.000390000	0.000150191
0.000391000	0.000148066
0.000392000	0.000145535
0.000393000	0.000148066
0.000394000	0.000150697
0.000395000	0.000143105
0.000396000	0.000136728
0.000397000	0.000144826
0.000398000	0.000147863
0.000399000	0.000148572
0.000400000	0.000144320
0.000401000	0.000147154
0.000402000	0.000144523
0.000403000	0.000155151
0.000404000	0.000152823
0.000405000	0.000154139
0.000406000	0.000148369
0.000407000	0.000159707
0.000408000	0.000151912
0.000409000	0.000149179
0.000410000	0.000149685
0.000411000	0.000153734
0.000412000	0.000154240
0.000413000	0.000148268
0.000414000	0.000149280
0.000415000	0.000144725
0.000416000	0.000143207
0.000417000	0.000150900
0.000418000	0.000153228
0.000419000	0.000156164
0.000420000	0.000151811
0.000421000	0.000144118
0.000422000	0.000150697
0.000423000	0.000143105
0.000424000	0.000141587
0.000425000	0.000148369
0.000426000	0.000136425
0.000427000	0.000139866
0.000428000	0.000144219
0.000429000	0.000150697
0.000430000	0.000151001
0.000431000	0.000147458
0.000432000	0.000148369
0.000433000	0.000150293
0.000434000	0.000150900
0.000435000	0.000147863
0.000436000	0.000139765
0.000437000	0.000142903
0.000438000	0.000142296
0.000439000	0.000144523
0.000440000	0.000143612
0.000441000	0.000143814
0.000442000	0.000138753
0.000443000	0.000139056
0.000444000	0.000141891
0.000445000	0.000149786
0.000446000	0.000142802
0.000447000	0.000142701
0.000448000	0.000141688
0.000449000	0.000135918
0.000450000	0.000146041
0.000451000	0.000146547
0.000452000	0.000137943
0.000453000	0.000145434
0.000454000	0.000147053
0.000455000	0.000139360
0.000456000	0.000140372
0.000457000	0.000148774
0.000458000	0.000137842
0.000459000	0.000144118
0.000460000	0.000142397
0.000461000	0.000147762
0.000462000	0.000142194
0.000463000	0.000135412
0.000464000	0.000136526
0.000465000	0.000138247
0.000466000	0.000140878
0.000467000	0.000145130
0.000468000	0.000145332
0.000469000	0.000142397
0.000470000	0.000140980
0.000471000	0.000140878
0.000472000	0.000141790
0.000473000	0.000136121
0.000474000	0.000144523
0.000475000	0.000144118
0.000476000	0.000142599
0.000477000	0.000142903
0.000478000	0.000141486
0.000479000	0.000145737
0.000480000	0.000146750
0.000481000	0.000145737
0.000482000	0.000143713
0.000483000	0.000140170
0.000484000	0.000141182
0.000485000	0.000140372
0.000486000	0.000145940
0.000487000	0.000143105
0.000488000	0.000144624
0.000489000	0.000142296
0.000490000	0.000141790
0.000491000	0.000143713
0.000492000	0.000140980
0.000493000	0.000141385
0.000494000	0.000130048
0.000495000	0.000138753
0.000496000	0.000142802
0.000497000	0.000146041
0.000498000	0.000139765
0.000499000	0.000143612
0.000500000	0.000143207
0.000501000	0.000137943
0.000502000	0.000137842
0.000503000	0.000136323
0.000504000	0.000131768
0.000505000	0.000147256
0.000506000	0.000145737
0.000507000	0.000144016
0.000508000	0.000139461
0.000509000	0.000145535
0.000510000	0.000144421
0.000511000	0.000138348
0.000512000	0.000135716
0.000513000	0.000137943
0.000514000	0.000138348
0.000515000	0.000142903
0.000516000	0.000142397
0.000517000	0.000136222
0.000518000	0.000137538
0.000519000	0.000139056
0.000520000	0.000135210
0.000521000	0.000135514
0.000522000	0.000140980
0.000523000	0.000160213
0.000524000	0.000148977
0.000525000	0.000145839
0.000526000	0.000136121
0.000527000	0.000144624
0.000528000	0.000138753
0.000529000	0.000142599
0.000530000	0.000144624
0.000531000	0.000139158
0.000532000	0.000140777
0.000533000	0.000138854
0.000534000	0.000144320
0.000535000	0.000140271
0.000536000	0.000141992
0.000537000	0.000136627
0.000538000	0.000144826
0.000539000	0.000139967
0.000540000	0.000130452
0.000541000	0.000134704
0.000542000	0.000140474
0.000543000	0.000135918
0.000544000	0.000136222
0.000545000	0.000139866
0.000546000	0.000137741
0.000547000	0.000128226
0.000548000	0.000136121
0.000549000	0.000135716
0.000550000	0.000137437
0.000551000	0.000130756
0.000552000	0.000135311
0.000553000	0.000135007
0.000554000	0.000133084
0.000555000	0.000135412
0.000556000	0.000132679
0.000557000	0.000136931
0.000558000	0.000140271
0.000559000	0.000144826
0.000560000	0.000142802
0.000561000	0.000152823
0.000562000	0.000138550
0.000563000	0.000132072
0.000564000	0.000136121
0.000565000	0.000143004
0.000566000	0.000140878
0.000567000	0.000146446
0.000568000	0.000142397
0.000569000	0.000144928
0.000570000	0.000137639
0.000571000	0.000135918
0.000572000	0.000132072
0.000573000	0.000137234
0.000574000	0.000143409
0.000575000	0.000135514
0.000576000	0.000144725
0.000577000	0.000137133
0.000578000	0.000141283
0.000579000	0.000138044
0.000580000	0.000134603
0.000581000	0.000140069
0.000582000	0.000141688
0.000583000	0.000141081
0.000584000	0.000141790
0.000585000	0.000147458
0.000586000	0.000147154
0.000587000	0.000139664
0.000588000	0.000131870
0.000589000	0.000133489
0.000590000	0.000128529
0.000591000	0.000135817
0.000592000	0.000134198
0.000593000	0.000135109
0.000594000	0.000144624
0.000595000	0.000126910
0.000596000	0.000142599
0.000597000	0.000139158
0.000598000	0.000138955
0.000599000	0.000140878
0.000600000	0.000141891
0.000601000	0.000137741
0.000602000	0.000134906
0.000603000	0.000138753
0.000604000	0.000144320
0.000605000	0.000147053
0.000606000	0.000137437
0.000607000	0.000140980
0.000608000	0.000139967
0.000609000	0.000133692
0.000610000	0.000138753
0.000611000	0.000140575
0.000612000	0.000141182
0.000613000	0.000142599
0.000614000	0.000139866
0.000615000	0.000144320
0.000616000	0.000142397
0.000617000	0.000150697
0.000618000	0.000146243
0.000619000	0.000151204
0.000620000	0.000143713
0.000621000	0.000139664
0.000622000	0.000140676
0.000623000	0.000140474
0.000624000	0.000147559
0.000625000	0.000141283
0.000626000	0.000143612
0.000627000	0.000136425
0.000628000	0.000142397
0.000629000	0.000139866
0.000630000	0.000143409
0.000631000	0.000138348
0.000632000	0.000143004
0.000633000	0.000140372
0.000634000	0.000140271
0.000635000	0.000140878
0.000636000	0.000138753
0.000637000	0.000139563
0.000638000	0.000139765
0.000639000	0.000135109
0.000640000	0.000134198
0.000641000	0.000135918
0.000642000	0.000141790
0.000643000	0.000137437
0.000644000	0.000137133
0.000645000	0.000138955
0.000646000	0.000137336
0.000647000	0.000138753
0.000648000	0.000143207
0.000649000	0.000145434
0.000650000	0.000131161
0.000651000	0.000138348
0.000652000	0.000137437
0.000653000	0.000136425
0.000654000	0.000135210
0.000655000	0.000134704
0.000656000	0.000133894
0.000657000	0.000143814
0.000658000	0.000138145
0.000659000	0.000140271
0.000660000	0.000135210
0.000661000	0.000132983
0.000662000	0.000132376
0.000663000	0.000140575
0.000664000	0.000136222
0.000665000	0.000141385
0.000666000	0.000126808
0.000667000	0.000136222
0.000668000	0.000136425
0.000669000	0.000133692
0.000670000	0.000135817
0.000671000	0.000144219
0.000672000	0.000147154
0.000673000	0.000144016
0.000674000	0.000139158
0.000675000	0.000130756
0.000676000	0.000132983
0.000677000	0.000134096
0.000678000	0.000138955
0.000679000	0.000127618
0.000680000	0.000135412
0.000681000	0.000138044
0.000682000	0.000129946
0.000683000	0.000133388
0.000684000	0.000138753
0.000685000	0.000132376
0.000686000	0.000129643
0.000687000	0.000131465
0.000688000	0.000138955
0.000689000	0.000132173
0.000690000	0.000135412
0.000691000	0.000134501
0.000692000	0.000137336
0.000693000	0.000135007
0.000694000	0.000133489
0.000695000	0.000134198
0.000696000	0.000125290
0.000697000	0.000129440
0.000698000	0.000128428
0.000699000	0.000130554
0.000700000	0.000139461
0.000701000	0.000136020
0.000702000	0.000138044
0.000703000	0.000137437
0.000704000	0.000137032
0.000705000	0.000139765
0.000706000	0.000144421
0.000707000	0.000136526
0.000708000	0.000139158
0.000709000	0.000132578
0.000710000	0.000130250
0.000711000	0.000136020
0.000712000	0.000139765
0.000713000	0.000139056
0.000714000	0.000129541
0.000715000	0.000133388
0.000716000	0.000131161
0.000717000	0.000131363
0.000718000	0.000129643
0.000719000	0.000141891
0.000720000	0.000140069
0.000721000	0.000134400
0.000722000	0.000133995
0.000723000	0.000132274
0.000724000	0.000138753
0.000725000	0.000137437
0.000726000	0.000135109
0.000727000	0.000130959
0.000728000	0.000130351
0.000729000	0.000140980
0.000730000	0.000133388
0.000731000	0.000132376
0.000732000	0.000130048
0.000733000	0.000138348
0.000734000	0.000137842
0.000735000	0.000140777
0.000736000	0.000138753
0.000737000	0.000139158
0.000738000	0.000136526
0.000739000	0.000124075
0.000740000	0.000129541
0.000741000	0.000127315
0.000742000	0.000126910
0.000743000	0.000136627
0.000744000	0.000128529
0.000745000	0.000132578
0.000746000	0.000125999
0.000747000	0.000126201
0.000748000	0.000138955
0.000749000	0.000125695
0.000750000	0.000135311
0.000751000	0.000130048
0.000752000	0.000141891
0.000753000	0.000130756
0.000754000	0.000129845
0.000755000	0.000138348
0.000756000	0.000139056
0.000757000	0.000135311
0.000758000	0.000123873
0.000759000	0.000134501
0.000760000	0.000132983
0.000761000	0.000132781
0.000762000	0.000134603
0.000763000	0.000123367
0.000764000	0.000123367
0.000765000	0.000133894
0.000766000	0.000132376
0.000767000	0.000132477
0.000768000	0.000126606
0.000769000	0.000131465
0.000770000	0.000128226
0.000771000	0.000132983
0.000772000	0.000136020
0.000773000	0.000126606
0.000774000	0.000134198
0.000775000	0.000133793
0.000776000	0.000127011
0.000777000	0.000140474
0.000778000	0.000134096
0.000779000	0.000127416
0.000780000	0.000130452
0.000781000	0.000132173
0.000782000	0.000126606
0.000783000	0.000132781
0.000784000	0.000125897
0.000785000	0.000125391
0.000786000	0.000132578
0.000787000	0.000132781
0.000788000	0.000135615
0.000789000	0.000137032
0.000790000	0.000142093
0.000791000	0.000126808
0.000792000	0.000119723
0.000793000	0.000136627
0.000794000	0.000145839
0.000795000	0.000137943
0.000796000	0.000140069
0.000797000	0.000138449
0.000798000	0.000136323
0.000799000	0.000129744
0.000800000	0.000134501
0.000801000	0.000142802
0.000802000	0.000144523
0.000803000	0.000139259
0.000804000	0.000128327
0.000805000	0.000133388
0.000806000	0.000132882
0.000807000	0.000135007
0.000808000	0.000127922
0.000809000	0.000140777
0.000810000	0.000134805
0.000811000	0.000124278
0.000812000	0.000129643
0.000813000	0.000133388
0.000814000	0.000134299
0.000815000	0.000132983
0.000816000	0.000132578
0.000817000	0.000128529
0.000818000	0.000143713
0.000819000	0.000136526
0.000820000	0.000133287
0.000821000	0.000133590
0.000822000	0.000129744
0.000823000	0.000131363
0.000824000	0.000129339
0.000825000	0.000131768
0.000826000	0.000133084
0.000827000	0.000126707
0.000828000	0.000136121
0.000829000	0.000140575
0.000830000	0.000127618
0.000831000	0.000137639
0.000832000	0.000134501
0.000833000	0.000131971
0.000834000	0.000132477
0.000835000	0.000131768
0.000836000	0.000134400
0.000837000	0.000129643
0.000838000	0.000127011
0.000839000	0.000120431
0.000840000	0.000121140
0.000841000	0.000126505
0.000842000	0.000137741
0.000843000	0.000125695
0.000844000	0.000124480
0.000845000	0.000129541
0.000846000	0.000129643
0.000847000	0.000136222
0.000848000	0.000132882
0.000849000	0.000132274
0.000850000	0.000130351
0.000851000	0.000127821
0.000852000	0.000125796
0.000853000	0.000126201
0.000854000	0.000135007
0.000855000	0.000133793
0.000856000	0.000124177
0.000857000	0.000133590
0.000858000	0.000133995
0.000859000	0.000132679
0.000860000	0.000132173
0.000861000	0.000129541
0.000862000	0.000121342
0.000863000	0.000125493
0.000864000	0.000130655
0.000865000	0.000134400
0.000866000	0.000132173
0.000867000	0.000131566
0.000868000	0.000132376
0.000869000	0.000133084
0.000870000	0.000119217
0.000871000	0.000132781
0.000872000	0.000127011
0.000873000	0.000130250
0.000874000	0.000137842
0.000875000	0.000130452
0.000876000	0.000127213
0.000877000	0.000128732
0.000878000	0.000121646
0.000879000	0.000130351
0.000880000	0.000127821
0.000881000	0.000135210
0.000882000	0.000134704
0.000883000	0.000135918
0.000884000	0.000132477
0.000885000	0.000127821
0.000886000	0.000130554
0.000887000	0.000131262
0.000888000	0.000126910
0.000889000	0.000123063
0.000890000	0.000122051
0.000891000	0.000121444
0.000892000	0.000120431
0.000893000	0.000116585
0.000894000	0.000121241
0.000895000	0.000125897
0.000896000	0.000132376
0.000897000	0.000130554
0.000898000	0.000115168
0.000899000	0.000121950
0.000900000	0.000122557
0.000901000	0.000132477
0.000902000	0.000134603
0.000903000	0.000123266
0.000904000	0.000122557
0.000905000	0.000129744
0.000906000	0.000132376
0.000907000	0.000125594
0.000908000	0.000129946
0.000909000	0.000130351
0.000910000	0.000118711
0.000911000	0.000127416
0.000912000	0.000127112
0.000913000	0.000124278
0.000914000	0.000119014
0.000915000	0.000116585
0.000916000	0.000122051
0.000917000	0.000110512
0.000918000	0.000118306
0.000919000	0.000110714
0.000920000	0.000117395
0.000921000	0.000128327
0.000922000	0.000117699
0.000923000	0.000123873
0.000924000	0.000126201
0.000925000	0.000127011
0.000926000	0.000126606
0.000927000	0.000127011
0.000928000	0.000120634
0.000929000	0.000128327
0.000930000	0.000128124
0.000931000	0.000135817
0.000932000	0.000126404
0.000933000	0.000123671
0.000934000	0.000127112
0.000935000	0.000126505
0.000936000	0.000126707
0.000937000	0.000121646
0.000938000	0.000124379
0.000939000	0.000121849
0.000940000	0.000122962
0.000941000	0.000124784
0.000942000	0.000120128
0.000943000	0.000118711
0.000944000	0.000131971
0.000945000	0.000138449
0.000946000	0.000132173
0.000947000	0.000123671
0.000948000	0.000128428
0.000949000	0.000133185
0.000950000	0.000125189
0.000951000	0.000123569
0.000952000	0.000116585
0.000953000	0.000121849
0.000954000	0.000113953
0.000955000	0.000125999
0.000956000	0.000119318
0.000957000	0.000125999
0.000958000	0.000126606
0.000959000	0.000117901
0.000960000	0.000127517
0.000961000	0.000126100
0.000962000	0.000133590
0.000963000	0.000114460
0.000964000	0.000122253
0.000965000	0.000118508
0.000966000	0.000121039
0.000967000	0.000119521
0.000968000	0.000123671
0.000969000	0.000116788
0.000970000	0.000130857
0.000971000	0.000135817
0.000972000	0.000139664
0.000973000	0.000122962
0.000974000	0.000123772
0.000975000	0.000123569
0.000976000	0.000113144
0.000977000	0.000118407
0.000978000	0.000120229
0.000979000	0.000122760
0.000980000	0.000125391
0.000981000	0.000125594
0.000982000	0.000118002
0.000983000	0.000114662
0.000984000	0.000127011
0.000985000	0.000132173
0.000986000	0.000121444
0.000987000	0.000122861
0.000988000	0.000124480
0.000989000	0.000113549
0.000990000	0.000113346
0.000991000	0.000121039
0.000992000	0.000129440
0.000993000	0.000122253
0.000994000	0.000126404
0.000995000	0.000124379
0.000996000	0.000118103
0.000997000	0.000116484
0.000998000	0.000118711
0.000999000	0.000122456
0.001000000	0.000123569
0.001001000	0.000125796
0.001002000	0.000126808
0.001003000	0.000117192
0.001004000	0.000111119
0.001005000	0.000122051
0.001006000	0.000128023
0.001007000	0.000126201
0.001008000	0.000121545
0.001009000	0.000116383
0.001010000	0.000116990
0.001011000	0.000118711
0.001012000	0.000117800
0.001013000	0.000114055
0.001014000	0.000129137
0.001015000	0.000122861
0.001016000	0.000126100
0.001017000	0.000121545
0.001018000	0.000119014
0.001019000	0.000121039
0.001020000	0.000126302
0.001021000	0.000123873
0.001022000	0.000123164
0.001023000	0.000122658
0.001024000	0.000114966
0.001025000	0.000115371
0.001026000	0.000120533
0.001027000	0.000116383
0.001028000	0.000121342
0.001029000	0.000117192
0.001030000	0.000127315
0.001031000	0.000119824
0.001032000	0.000118812
0.001033000	0.000120027
0.001034000	0.000121747
0.001035000	0.000113447
0.001036000	0.000121950
0.001037000	0.000128630
0.001038000	0.000113346
0.001039000	0.000122051
0.001040000	0.000124582
0.001041000	0.000125290
0.001042000	0.000130250
0.001043000	0.000122557
0.001044000	0.000121849
0.001045000	0.000115269
0.001046000	0.000120128
0.001047000	0.000110208
0.001048000	0.000118812
0.001049000	0.000112739
0.001050000	0.000121039
0.001051000	0.000114460
0.001052000	0.000121039
0.001053000	0.000118002
0.001054000	0.000113549
0.001055000	0.000116990
0.001056000	0.000128327
0.001057000	0.000121747
0.001058000	0.000122456
0.001059000	0.000130351
0.001060000	0.000123873
0.001061000	0.000121342
0.001062000	0.000123873
0.001063000	0.000123468
0.001064000	0.000120938
0.001065000	0.000114055
0.001066000	0.000119824
0.001067000	0.000115168
0.001068000	0.000125695
0.001069000	0.000118610
0.001070000	0.000123468
0.001071000	0.000111221
0.001072000	0.000121849
0.001073000	0.000114055
0.001074000	0.000121950
0.001075000	0.000135311
0.001076000	0.000123569
0.001077000	0.000128023
0.001078000	0.000129946
0.001079000	0.000122760
0.001080000	0.000122456
0.001081000	0.000121950
0.001082000	0.000126100
0.001083000	0.000121646
0.001084000	0.000113852
0.001085000	0.000116484
0.001086000	0.000116180
0.001087000	0.000116686
0.001088000	0.000113447
0.001089000	0.000115978
0.001090000	0.000117192
0.001091000	0.000118812
0.001092000	0.000125189
0.001093000	0.000132173
0.001094000	0.000124480
0.001095000	0.000133894
0.001096000	0.000121545
0.001097000	0.000124784
0.001098000	0.000120229
0.001099000	0.000122253
0.001100000	0.000117901
0.001101000	0.000123671
0.001102000	0.000123164
0.001103000	0.000114763
0.001104000	0.000121342
0.001105000	0.000117597
0.001106000	0.000112941
0.001107000	0.000112030
0.001108000	0.000116889
0.001109000	0.000115573
0.001110000	0.000112941
0.001111000	0.000122355
0.001112000	0.000115877
0.001113000	0.000119622
0.001114000	0.000121039
0.001115000	0.000115775
0.001116000	0.000122253
0.001117000	0.000116079
0.001118000	0.000111625
0.001119000	0.000110208
0.001120000	0.000110107
0.001121000	0.000117699
0.001122000	0.000123164
0.001123000	0.000130048
0.001124000	0.000126808
0.001125000	0.000127112
0.001126000	0.000124885
0.001127000	0.000130149
0.001128000	0.000125189
0.001129000	0.000116383
0.001130000	0.000111221
0.001131000	0.000116990
0.001132000	0.000110310
0.001133000	0.000119925
0.001134000	0.000122456
0.001135000	0.000127011
0.001136000	0.000117395
0.001137000	0.000117699
0.001138000	0.000120128
0.001139000	0.000109196
0.001140000	0.000115978
0.001141000	0.000122355
0.001142000	0.000122861
0.001143000	0.000115877
0.001144000	0.000114763
0.001145000	0.000113953
0.001146000	0.000121747
0.001147000	0.000117192
0.001148000	0.000121545
0.001149000	0.000124683
0.001150000	0.000117294
0.001151000	0.000122355
0.001152000	0.000119419
0.001153000	0.000120431
0.001154000	0.000118407
0.001155000	0.000115067
0.001156000	0.000118508
0.001157000	0.000116079
0.001158000	0.000115877
0.001159000	0.000113042
0.001160000	0.000125290
0.001161000	0.000121140
0.001162000	0.000114662
0.001163000	0.000116686
0.001164000	0.000119521
0.001165000	0.000115775
0.001166000	0.000123974
0.001167000	0.000115269
0.001168000	0.000115269
0.001169000	0.000116484
0.001170000	0.000118508
0.001171000	0.000113852
0.001172000	0.000121545
0.001173000	0.000121545
0.001174000	0.000111524
0.001175000	0.000118205
0.001176000	0.000118913
0.001177000	0.000116788
0.001178000	0.000117496
0.001179000	0.000116079
0.001180000	0.000124075
0.001181000	0.000115978
0.001182000	0.000117091
0.001183000	0.000116788
0.001184000	0.000118711
0.001185000	0.000115978
0.001186000	0.000130655
0.001187000	0.000121646
0.001188000	0.000114966
0.001189000	0.000124885
0.001190000	0.000123772
0.001191000	0.000117496
0.001192000	0.000127213
0.001193000	0.000119318
0.001194000	0.000114257
0.001195000	0.000117699
0.001196000	0.000115472
0.001197000	0.000123164
0.001198000	0.000123266
0.001199000	0.000114257
0.001200000	0.000126201
0.001201000	0.000116281
0.001202000	0.000109297
0.001203000	0.000117901
0.001204000	0.000119116
0.001205000	0.000111119
0.001206000	0.000114561
0.001207000	0.000110917
0.001208000	0.000110107
0.001209000	0.000114460
0.001210000	0.000116990
0.001211000	0.000119419
0.001212000	0.000116281
0.001213000	0.000127618
0.001214000	0.000122253
0.001215000	0.000114460
0.001216000	0.000111322
0.001217000	0.000111524
0.001218000	0.000116889
0.001219000	0.000113852
0.001220000	0.000116889
0.001221000	0.000122658
0.001222000	0.000119217
0.001223000	0.000111929
0.001224000	0.000114561
0.001225000	0.000110411
0.001226000	0.000115472
0.001227000	0.000115775
0.001228000	0.000131161
0.001229000	0.000118407
0.001230000	0.000119622
0.001231000	0.000119217
0.001232000	0.000125897
0.001233000	0.000123468
0.001234000	0.000112840
0.001235000	0.000111625
0.001236000	0.000122456
0.001237000	0.000116686
0.001238000	0.000112739
0.001239000	0.000113042
0.001240000	0.000112638
0.001241000	0.000115877
0.001242000	0.000116079
0.001243000	0.000114257
0.001244000	0.000124480
0.001245000	0.000107880
0.001246000	0.000116079
0.001247000	0.000110006
0.001248000	0.000116788
0.001249000	0.000119925
0.001250000	0.000118002
0.001251000	0.000113852
0.001252000	0.000121039
0.001253000	0.000120938
0.001254000	0.000103629
0.001255000	0.000108488
0.001256000	0.000112233
0.001257000	0.000115978
0.001258000	0.000117294
0.001259000	0.000107779
0.001260000	0.000115978
0.001261000	0.000110613
0.001262000	0.000108184
0.001263000	0.000105552
0.001264000	0.000113144
0.001265000	0.000116788
0.001266000	0.000113042
0.001267000	0.000107273
0.001268000	0.000121950
0.001269000	0.000127112
0.001270000	0.000121950
0.001271000	0.000126404
0.001272000	0.000122253
0.001273000	0.000121241
0.001274000	0.000114662
0.001275000	0.000114561
0.001276000	0.000105755
0.001277000	0.000109500
0.001278000	0.000106160
0.001279000	0.000113144
0.001280000	0.000110512
0.001281000	0.000108893
0.001282000	0.000106058
0.001283000	0.000108285
0.001284000	0.000109095
0.001285000	0.000113144
0.001286000	0.000122051
0.001287000	0.000119014
0.001288000	0.000106666
0.001289000	0.000109095
0.001290000	0.000107982
0.001291000	0.000119521
0.001292000	0.000117800
0.001293000	0.000116686
0.001294000	0.000106261
0.001295000	0.000105552
0.001296000	0.000103022
0.001297000	0.000109297
0.001298000	0.000108083
0.001299000	0.000107475
0.001300000	0.000108589
0.001301000	0.000119824
0.001302000	0.000110208
0.001303000	0.000103629
0.001304000	0.000116281
0.001305000	0.000118205
0.001306000	0.000112030
0.001307000	0.000113042
0.001308000	0.000114662
0.001309000	0.000118812
0.001310000	0.000118205
0.001311000	0.000112233
0.001312000	0.000123367
0.001313000	0.000113042
0.001314000	0.000105046
0.001315000	0.000100896
0.001316000	0.000111524
0.001317000	0.000116079
0.001318000	0.000120027
0.001319000	0.000104237
0.001320000	0.000101099
0.001321000	0.000109803
0.001322000	0.000112435
0.001323000	0.000111828
0.001324000	0.000110107
0.001325000	0.000108589
0.001326000	0.000105856
0.001327000	0.000113953
0.001328000	0.000112638
0.001329000	0.000117395
0.001330000	0.000108083
0.001331000	0.000112030
0.001332000	0.000110107
0.001333000	0.000113042
0.001334000	0.000108285
0.001335000	0.000110208
0.001336000	0.000107779
0.001337000	0.000104338
0.001338000	0.000105654
0.001339000	0.000112334
0.001340000	0.000106868
0.001341000	0.000110208
0.001342000	0.000116788
0.001343000	0.000120735
0.001344000	0.000107678
0.001345000	0.000103933
0.001346000	0.000111828
0.001347000	0.000104641
0.001348000	0.000111524
0.001349000	0.000113447
0.001350000	0.000114358
0.001351000	0.000106463
0.001352000	0.000106058
0.001353000	0.000100694
0.001354000	0.000108083
0.001355000	0.000111828
0.001356000	0.000100998
0.001357000	0.000116585
0.001358000	0.000113447
0.001359000	0.000106969
0.001360000	0.000118306
0.001361000	0.000110917
0.001362000	0.000111322
0.001363000	0.000095330
0.001364000	0.000109399
0.001365000	0.000113751
0.001366000	0.000101200
0.001367000	0.000114864
0.001368000	0.000105046
0.001369000	0.000101402
0.001370000	0.000095431
0.001371000	0.000103528
0.001372000	0.000109095
0.001373000	0.000109905
0.001374000	0.000108994
0.001375000	0.000106767
0.001376000	0.000116383
0.001377000	0.000110917
0.001378000	0.000095937
0.001379000	0.000099277
0.001380000	0.000100998
0.001381000	0.000097658
0.001382000	0.000109905
0.001383000	0.000110816
0.001384000	0.000099479
0.001385000	0.000103123
0.001386000	0.000111423
0.001387000	0.000102718
0.001388000	0.000100390
0.001389000	0.000099783
0.001390000	0.000105147
0.001391000	0.000102921
0.001392000	0.000105552
0.001393000	0.000106362
0.001394000	0.000104135
0.001395000	0.000106868
0.001396000	0.000108791
0.001397000	0.000104237
0.001398000	0.000116180
0.001399000	0.000113852
0.001400000	0.000112536
0.001401000	0.000108285
0.001402000	0.000101200
0.001403000	0.000098366
0.001404000	0.000112030
0.001405000	0.000106058
0.001406000	0.000114156
0.001407000	0.000112739
0.001408000	0.000112638
0.001409000	0.000116079
0.001410000	0.000093913
0.001411000	0.000107678
0.001412000	0.000109297
0.001413000	0.000104945
0.001414000	0.000101807
0.001415000	0.000110917
0.001416000	0.000108791
0.001417000	0.000107071
0.001418000	0.000109297
0.001419000	0.000100188
0.001420000	0.000108994
0.001421000	0.000107880
0.001422000	0.000102921
0.001423000	0.000098062
0.001424000	0.000107374
0.001425000	0.000107374
0.001426000	0.000109905
0.001427000	0.000098467
0.001428000	0.000103326
0.001429000	0.000107982
0.001430000	0.000100998
0.001431000	0.000100390
0.001432000	0.000113245
0.001433000	0.000105147
0.001434000	0.000110917
0.001435000	0.000112334
0.001436000	0.000103629
0.001437000	0.000105957
0.001438000	0.000114156
0.001439000	0.000113144
0.001440000	0.000110917
0.001441000	0.000109500
0.001442000	0.000106362
0.001443000	0.000108791
0.001444000	0.000108488
0.001445000	0.000111221
0.001446000	0.000105350
0.001447000	0.000102820
0.001448000	0.000112030
0.001449000	0.000103427
0.001450000	0.000107071
0.001451000	0.000103832
0.001452000	0.000099985
0.001453000	0.000100795
0.001454000	0.000106969
0.001455000	0.000111727
0.001456000	0.000114966
0.001457000	0.000105451
0.001458000	0.000099277
0.001459000	0.000103730
0.001460000	0.000110613
0.001461000	0.000102516
0.001462000	0.000103629
0.001463000	0.000106261
0.001464000	0.000103933
0.001465000	0.000108994
0.001466000	0.000108488
0.001467000	0.000118610
0.001468000	0.000112941
0.001469000	0.000113447
0.001470000	0.000108386
0.001471000	0.000112233
0.001472000	0.000113447
0.001473000	0.000104237
0.001474000	0.000109500
0.001475000	0.000115573
0.001476000	0.000103326
0.001477000	0.000103123
0.001478000	0.000103730
0.001479000	0.000107577
0.001480000	0.000098568
0.001481000	0.000108994
0.001482000	0.000099682
0.001483000	0.000104034
0.001484000	0.000103022
0.001485000	0.000109297
0.001486000	0.000108285
0.001487000	0.000106666
0.001488000	0.000111119
0.001489000	0.000107880
0.001490000	0.000109399
0.001491000	0.000104338
0.001492000	0.000109905
0.001493000	0.000104743
0.001494000	0.000109399
0.001495000	0.000106767
0.001496000	0.000097050
0.001497000	0.000098366
0.001498000	0.000092597
0.001499000	0.000102212
0.001500000	0.000104034
0.001501000	0.000108589
0.001502000	0.000108285
0.001503000	0.000099176
0.001504000	0.000105350
0.001505000	0.000109297
0.001506000	0.000105755
0.001507000	0.000098568
0.001508000	0.000104135
0.001509000	0.000104540
0.001510000	0.000104743
0.001511000	0.000104439
0.001512000	0.000108994
0.001513000	0.000106969
0.001514000	0.000112334
0.001515000	0.000115371
0.001516000	0.000105350
0.001517000	0.000101099
0.001518000	0.000101301
0.001519000	0.000093913
0.001520000	0.000104034
0.001521000	0.000109803
0.001522000	0.000114966
0.001523000	0.000114966
0.001524000	0.000111828
0.001525000	0.000105552
0.001526000	0.000107982
0.001527000	0.000112132
0.001528000	0.000107172
0.001529000	0.000104945
0.001530000	0.000110917
0.001531000	0.000112638
0.001532000	0.000108994
0.001533000	0.000105451
0.001534000	0.000103933
0.001535000	0.000111221
0.001536000	0.000112334
0.001537000	0.000100289
0.001538000	0.000109500
0.001539000	0.000107475
0.001540000	0.000114358
0.001541000	0.000103730
0.001542000	0.000109803
0.001543000	0.000109803
0.001544000	0.000108893
0.001545000	0.000112638
0.001546000	0.000101807
0.001547000	0.000114966
0.001548000	0.000107779
0.001549000	0.000108589
0.001550000	0.000104338
0.001551000	0.000107172
0.001552000	0.000113042
0.001553000	0.000109297
0.001554000	0.000108184
0.001555000	0.000097354
0.001556000	0.000105552
0.001557000	0.000105552
0.001558000	0.000110816
0.001559000	0.000103933
0.001560000	0.000102010
0.001561000	0.000100694
0.001562000	0.000102212
0.001563000	0.000106160
0.001564000	0.000108083
0.001565000	0.000110006
0.001566000	0.000106565
0.001567000	0.000101909
0.001568000	0.000113650
0.001569000	0.000108893
0.001570000	0.000111221
0.001571000	0.000110006
0.001572000	0.000109297
0.001573000	0.000109905
0.001574000	0.000105249
0.001575000	0.000105957
0.001576000	0.000108589
0.001577000	0.000111929
0.001578000	0.000116281
0.001579000	0.000107475
0.001580000	0.000109905
0.001581000	0.000099985
0.001582000	0.000109095
0.001583000	0.000102010
0.001584000	0.000106565
0.001585000	0.000111322
0.001586000	0.000117091
0.001587000	0.000103528
0.001588000	0.000100795
0.001589000	0.000101807
0.001590000	0.000103730
0.001591000	0.000111727
0.001592000	0.000114055
0.001593000	0.000118711
0.001594000	0.000116484
0.001595000	0.000106767
0.001596000	0.000109196
0.001597000	0.000116990
0.001598000	0.000122152
0.001599000	0.000109500
0.001600000	0.000109500
0.001601000	0.000113447
0.001602000	0.000097658
0.001603000	0.000108994
0.001604000	0.000099581
0.001605000	0.000099581
0.001606000	0.000102718
0.001607000	0.000099985
0.001608000	0.000105147
0.001609000	0.000106463
0.001610000	0.000111221
0.001611000	0.000101301
0.001612000	0.000101301
0.001613000	0.000102617
0.001614000	0.000110006
0.001615000	0.000110613
0.001616000	0.000114055
0.001617000	0.000106565
0.001618000	0.000101099
0.001619000	0.000104743
0.001620000	0.000104338
0.001621000	0.000105046
0.001622000	0.000099176
0.001623000	0.000099884
0.001624000	0.000101402
0.001625000	0.000107071
0.001626000	0.000104237
0.001627000	0.000108488
0.001628000	0.000106362
0.001629000	0.000099277
0.001630000	0.000106565
0.001631000	0.000105147
0.001632000	0.000111524
0.001633000	0.000100390
0.001634000	0.000098771
0.001635000	0.000106362
0.001636000	0.000116484
0.001637000	0.000112132
0.001638000	0.000107678
0.001639000	0.000110208
0.001640000	0.000111727
0.001641000	0.000104135
0.001642000	0.000107374
0.001643000	0.000100896
0.001644000	0.000102617
0.001645000	0.000099176
0.001646000	0.000105451
0.001647000	0.000097050
0.001648000	0.000101605
0.001649000	0.000104743
0.001650000	0.000109803
0.001651000	0.000102010
0.001652000	0.000107374
0.001653000	0.000113751
0.001654000	0.000104844
0.001655000	0.000108690
0.001656000	0.000111018
0.001657000	0.000110411
0.001658000	0.000116281
0.001659000	0.000098771
0.001660000	0.000102820
0.001661000	0.000104540
0.001662000	0.000099479
0.001663000	0.000105552
0.001664000	0.000105552
0.001665000	0.000097253
0.001666000	0.000104945
0.001667000	0.000105046
0.001668000	0.000102820
0.001669000	0.000103528
0.001670000	0.000097658
0.001671000	0.000106463
0.001672000	0.000104135
0.001673000	0.000105856
0.001674000	0.000104034
0.001675000	0.000099884
0.001676000	0.000102617
0.001677000	0.000114864
0.001678000	0.000102111
0.001679000	0.000101909
0.001680000	0.000097556
0.001681000	0.000098771
0.001682000	0.000116079
0.001683000	0.000106565
0.001684000	0.000105046
0.001685000	0.000105654
0.001686000	0.000099783
0.001687000	0.000103528
0.001688000	0.000104641
0.001689000	0.000098568
0.001690000	0.000105957
0.001691000	0.000097658
0.001692000	0.000101807
0.001693000	0.000107071
0.001694000	0.000102516
0.001695000	0.000112132
0.001696000	0.000107273
0.001697000	0.000110917
0.001698000	0.000106058
0.001699000	0.000109399
0.001700000	0.000112638
0.001701000	0.000110310
0.001702000	0.000109702
0.001703000	0.000108488
0.001704000	0.000107475
0.001705000	0.000097556
0.001706000	0.000098568
0.001707000	0.000105654
0.001708000	0.000104439
0.001709000	0.000105552
0.001710000	0.000102212
0.001711000	0.000101200
0.001712000	0.000102313
0.001713000	0.000106463
0.001714000	0.000100998
0.001715000	0.000095532
0.001716000	0.000093811
0.001717000	0.000104844
0.001718000	0.000108083
0.001719000	0.000107779
0.001720000	0.000101807
0.001721000	0.000093406
0.001722000	0.000102718
0.001723000	0.000106160
0.001724000	0.000102718
0.001725000	0.000114055
0.001726000	0.000097658
0.001727000	0.000106160
0.001728000	0.000100795
0.001729000	0.000098062
0.001730000	0.000094115
0.001731000	0.000090674
0.001732000	0.000102010
0.001733000	0.000101402
0.001734000	0.000094520
0.001735000	0.000104338
0.001736000	0.000099277
0.001737000	0.000094621
0.001738000	0.000105654
0.001739000	0.000108589
0.001740000	0.000107071
0.001741000	0.000104135
0.001742000	0.000105755
0.001743000	0.000104945
0.001744000	0.000106767
0.001745000	0.000107880
0.001746000	0.000100593
0.001747000	0.000104540
0.001748000	0.000105552
0.001749000	0.000106463
0.001750000	0.000104641
0.001751000	0.000101200
0.001752000	0.000107071
0.001753000	0.000099581
0.001754000	0.000104135
0.001755000	0.000101807
0.001756000	0.000103224
0.001757000	0.000092900
0.001758000	0.000099985
0.001759000	0.000106565
0.001760000	0.000092091
0.001761000	0.000096848
0.001762000	0.000105046
0.001763000	0.000104237
0.001764000	0.000107071
0.001765000	0.000112334
0.001766000	0.000111727
0.001767000	0.000106666
0.001768000	0.000097860
0.001769000	0.000100694
0.001770000	0.000096139
0.001771000	0.000095633
0.001772000	0.000099985
0.001773000	0.000102718
0.001774000	0.000101099
0.001775000	0.000097253
0.001776000	0.000104034
0.001777000	0.000095330
0.001778000	0.000095937
0.001779000	0.000103224
0.001780000	0.000097050
0.001781000	0.000092496
0.001782000	0.000096949
0.001783000	0.000087840
0.001784000	0.000098872
0.001785000	0.000104135
0.001786000	0.000103730
0.001787000	0.000104945
0.001788000	0.000105350
0.001789000	0.000090775
0.001790000	0.000101504
0.001791000	0.000106767
0.001792000	0.000102212
0.001793000	0.000099682
0.001794000	0.000101200
0.001795000	0.000096848
0.001796000	0.000091281
0.001797000	0.000101706
0.001798000	0.000096240
0.001799000	0.000095532
0.001800000	0.000095026
0.001801000	0.000102313
0.001802000	0.000098265
0.001803000	0.000097658
0.001804000	0.000101909
0.001805000	0.000106969
0.001806000	0.000104844
0.001807000	0.000097860
0.001808000	0.000092597
0.001809000	0.000100492
0.001810000	0.000087131
0.001811000	0.000091787
0.001812000	0.000085714
0.001813000	0.000097050
0.001814000	0.000095836
0.001815000	0.000100188
0.001816000	0.000097759
0.001817000	0.000104439
0.001818000	0.000098467
0.001819000	0.000092293
0.001820000	0.000100998
0.001821000	0.000096038
0.001822000	0.000102617
0.001823000	0.000100390
0.001824000	0.000096747
0.001825000	0.000096139
0.001826000	0.000095431
0.001827000	0.000086828
0.001828000	0.000095127
0.001829000	0.000104743
0.001830000	0.000099985
0.001831000	0.000096240
0.001832000	0.000099479
0.001833000	0.000103123
0.001834000	0.000107982
0.001835000	0.000105856
0.001836000	0.000099075
0.001837000	0.000093811
0.001838000	0.000105350
0.001839000	0.000104844
0.001840000	0.000094925
0.001841000	0.000100289
0.001842000	0.000092192
0.001843000	0.000087435
0.001844000	0.000086929
0.001845000	0.000084399
0.001846000	0.000099176
0.001847000	0.000107982
0.001848000	0.000111119
0.001849000	0.000094317
0.001850000	0.000095026
0.001851000	0.000099378
0.001852000	0.000096342
0.001853000	0.000094621
0.001854000	0.000096949
0.001855000	0.000101909
0.001856000	0.000115168
0.001857000	0.000105451
0.001858000	0.000106666
0.001859000	0.000098062
0.001860000	0.000100896
0.001861000	0.000094115
0.001862000	0.000100087
0.001863000	0.000103326
0.001864000	0.000097455
0.001865000	0.000103022
0.001866000	0.000091483
0.001867000	0.000093710
0.001868000	0.000086726
0.001869000	0.000090066
0.001870000	0.000098670
0.001871000	0.000098366
0.001872000	0.000100390
0.001873000	0.000105957
0.001874000	0.000110512
0.001875000	0.000101909
0.001876000	0.000099176
0.001877000	0.000101706
0.001878000	0.000096240
0.001879000	0.000084095
0.001880000	0.000083184
0.001881000	0.000092394
0.001882000	0.000092900
0.001883000	0.000093406
0.001884000	0.000099479
0.001885000	0.000098872
0.001886000	0.000097556
0.001887000	0.000088649
0.001888000	0.000095228
0.001889000	0.000096848
0.001890000	0.000097050
0.001891000	0.000088548
0.001892000	0.000103427
0.001893000	0.000096645
0.001894000	0.000103832
0.001895000	0.000097759
0.001896000	0.000095330
0.001897000	0.000096038
0.001898000	0.000096038
0.001899000	0.000093710
0.001900000	0.000091180
0.001901000	0.000093305
0.001902000	0.000103224
0.001903000	0.000099176
0.001904000	0.000098366
0.001905000	0.000095127
0.001906000	0.000096747
0.001907000	0.000096645
0.001908000	0.000103022
0.001909000	0.000106565
0.001910000	0.000101807
0.001911000	0.000095633
0.001912000	0.000091382
0.001913000	0.000090674
0.001914000	0.000100188
0.001915000	0.000097050
0.001916000	0.000101807
0.001917000	0.000095228
0.001918000	0.000100289
0.001919000	0.000096949
0.001920000	0.000108184
0.001921000	0.000103022
0.001922000	0.000104844
0.001923000	0.000104237
0.001924000	0.000103022
0.001925000	0.000089054
0.001926000	0.000091990
0.001927000	0.000092900
0.001928000	0.000102212
0.001929000	0.000103022
0.001930000	0.000100694
0.001931000	0.000103326
0.001932000	0.000089257
0.001933000	0.000092192
0.001934000	0.000093406
0.001935000	0.000090775
0.001936000	0.000101200
0.001937000	0.000093305
0.001938000	0.000099277
0.001939000	0.000098771
0.001940000	0.000090066
0.001941000	0.000098164
0.001942000	0.000099884
0.001943000	0.000104743
0.001944000	0.000096342
0.001945000	0.000095734
0.001946000	0.000095330
0.001947000	0.000100390
0.001948000	0.000099581
0.001949000	0.000095633
0.001950000	0.000099378
0.001951000	0.000094823
0.001952000	0.000095026
0.001953000	0.000091888
0.001954000	0.000091585
0.001955000	0.000091079
0.001956000	0.000096139
0.001957000	0.000091079
0.001958000	0.000090269
0.001959000	0.000091787
0.001960000	0.000088143
0.001961000	0.000084399
0.001962000	0.000089459
0.001963000	0.000095026
0.001964000	0.000096645
0.001965000	0.000099581
0.001966000	0.000101706
0.001967000	0.000099479
0.001968000	0.000101402
0.001969000	0.000094115
0.001970000	0.000097050
0.001971000	0.000092799
0.001972000	0.000096645
0.001973000	0.000088143
0.001974000	0.000094014
0.001975000	0.000102111
0.001976000	0.000111221
0.001977000	0.000104540
0.001978000	0.000100998
0.001979000	0.000093913
0.001980000	0.000103629
0.001981000	0.000108488
0.001982000	0.000106160
0.001983000	0.000103427
0.001984000	0.000095734
0.001985000	0.000096443
0.001986000	0.000099479
0.001987000	0.000098872
0.001988000	0.000097354
0.001989000	0.000096342
0.001990000	0.000091787
0.001991000	0.000097050
0.001992000	0.000101200
0.001993000	0.000098062
0.001994000	0.000103933
0.001995000	0.000094925
0.001996000	0.000091585
0.001997000	0.000088548
0.001998000	0.000091888
0.001999000	0.000095431
0.002000000	0.000099682
0.002001000	0.000099581
0.002002000	0.000096544
0.002003000	0.000096544
0.002004000	0.000094419
0.002005000	0.000102313
0.002006000	0.000098164
0.002007000	0.000101605
0.002008000	0.000104743
0.002009000	0.000096544
0.002010000	0.000099378
0.002011000	0.000101200
0.002012000	0.000105856
0.002013000	0.000093002
0.002014000	0.000099479
0.002015000	0.000095532
0.002016000	0.000099783
0.002017000	0.000101301
0.002018000	0.000104945
0.002019000	0.000101706
0.002020000	0.000102313
0.002021000	0.000101200
0.002022000	0.000101200
0.002023000	0.000099783
0.002024000	0.000097658
0.002025000	0.000092192
0.002026000	0.000097151
0.002027000	0.000100289
0.002028000	0.000105552
0.002029000	0.000100795
0.002030000	0.000091079
0.002031000	0.000104034
0.002032000	0.000097658
0.002033000	0.000094823
0.002034000	0.000092091
0.002035000	0.000093103
0.002036000	0.000089257
0.002037000	0.000095532
0.002038000	0.000093913
0.002039000	0.000086322
0.002040000	0.000098973
0.002041000	0.000093204
0.002042000	0.000093508
0.002043000	0.000091990
0.002044000	0.000096747
0.002045000	0.000094722
0.002046000	0.000091079
0.002047000	0.000090471
0.002048000	0.000085816
0.002049000	0.000095127
0.002050000	0.000099378
0.002051000	0.000091483
0.002052000	0.000088852
0.002053000	0.000091990
0.002054000	0.000093305
0.002055000	0.000090674
0.002056000	0.000094216
0.002057000	0.000097050
0.002058000	0.000101301
0.002059000	0.000089864
0.002060000	0.000095431
0.002061000	0.000096443
0.002062000	0.000089763
0.002063000	0.000098771
0.002064000	0.000097253
0.002065000	0.000099378
0.002066000	0.000098670
0.002067000	0.000108285
0.002068000	0.000103123
0.002069000	0.000096949
0.002070000	0.000095532
0.002071000	0.000104743
0.002072000	0.000100694
0.002073000	0.000104135
0.002074000	0.000099783
0.002075000	0.000103730
0.002076000	0.000105755
0.002077000	0.000098670
0.002078000	0.000101504
0.002079000	0.000093305
0.002080000	0.000088852
0.002081000	0.000093002
0.002082000	0.000085816
0.002083000	0.000095127
0.002084000	0.000093002
0.002085000	0.000094216
0.002086000	0.000096342
0.002087000	0.000097253
0.002088000	0.000095734
0.002089000	0.000090775
0.002090000	0.000095026
0.002091000	0.000096747
0.002092000	0.000091585
0.002093000	0.000090269
0.002094000	0.000099581
0.002095000	0.000087840
0.002096000	0.000095937
0.002097000	0.000092597
0.002098000	0.000092698
0.002099000	0.000093913
0.002100000	0.000085309
0.002101000	0.000085917
0.002102000	0.000090573
0.002103000	0.000093305
0.002104000	0.000096240
0.002105000	0.000094925
0.002106000	0.000099581
0.002107000	0.000091382
0.002108000	0.000092192
0.002109000	0.000092192
0.002110000	0.000095836
0.002111000	0.000092799
0.002112000	0.000097253
0.002113000	0.000087030
0.002114000	0.000087232
0.002115000	0.000086726
0.002116000	0.000093305
0.002117000	0.000090269
0.002118000	0.000089054
0.002119000	0.000094925
0.002120000	0.000090977
0.002121000	0.000093811
0.002122000	0.000093406
0.002123000	0.000097151
0.002124000	0.000099682
0.002125000	0.000104135
0.002126000	0.000101605
0.002127000	0.000106868
0.002128000	0.000087840
0.002129000	0.000096139
0.002130000	0.000096544
0.002131000	0.000088953
0.002132000	0.000098062
0.002133000	0.000092799
0.002134000	0.000099075
0.002135000	0.000097556
0.002136000	0.000090066
0.002137000	0.000090066
0.002138000	0.000081868
0.002139000	0.000088953
0.002140000	0.000092394
0.002141000	0.000084297
0.002142000	0.000080148
0.002143000	0.000090168
0.002144000	0.000090876
0.002145000	0.000083791
0.002146000	0.000089459
0.002147000	0.000086220
0.002148000	0.000085006
0.002149000	0.000095127
0.002150000	0.000097961
0.002151000	0.000095836
0.002152000	0.000088245
0.002153000	0.000094115
0.002154000	0.000093710
0.002155000	0.000093204
0.002156000	0.000091585
0.002157000	0.000083488
0.002158000	0.000081362
0.002159000	0.000093508
0.002160000	0.000095937
0.002161000	0.000094115
0.002162000	0.000093103
0.002163000	0.000090471
0.002164000	0.000090471
0.002165000	0.000096544
0.002166000	0.000098771
0.002167000	0.000087030
0.002168000	0.000093710
0.002169000	0.000087840
0.002170000	0.000088143
0.002171000	0.000090674
0.002172000	0.000087435
0.002173000	0.000081463
0.002174000	0.000096443
0.002175000	0.000092293
0.002176000	0.000089358
0.002177000	0.000089560
0.002178000	0.000092192
0.002179000	0.000088143
0.002180000	0.000094419
0.002181000	0.000088649
0.002182000	0.000093002
0.002183000	0.000094216
0.002184000	0.000093406
0.002185000	0.000088143
0.002186000	0.000089459
0.002187000	0.000094014
0.002188000	0.000081565
0.002189000	0.000089257
0.002190000	0.000096443
0.002191000	0.000095836
0.002192000	0.000092496
0.002193000	0.000089257
0.002194000	0.000093103
0.002195000	0.000087536
0.002196000	0.000089662
0.002197000	0.000096949
0.002198000	0.000094520
0.002199000	0.000093508
0.002200000	0.000095532
0.002201000	0.000094419
0.002202000	0.000092091
0.002203000	0.000096240
0.002204000	0.000094925
0.002205000	0.000089459
0.002206000	0.000091990
0.002207000	0.000089864
0.002208000	0.000093305
0.002209000	0.000085917
0.002210000	0.000086625
0.002211000	0.000085714
0.002212000	0.000091382
0.002213000	0.000078528
0.002214000	0.000088548
0.002215000	0.000078326
0.002216000	0.000094014
0.002217000	0.000097050
0.002218000	0.000090876
0.002219000	0.000095431
0.002220000	0.000090168
0.002221000	0.000093811
0.002222000	0.000089257
0.002223000	0.000083285
0.002224000	0.000081463
0.002225000	0.000091382
0.002226000	0.000087941
0.002227000	0.000094925
0.002228000	0.000088751
0.002229000	0.000084905
0.002230000	0.000090876
0.002231000	0.000083994
0.002232000	0.000091483
0.002233000	0.000085816
0.002234000	0.000087536
0.002235000	0.000080957
0.002236000	0.000093508
0.002237000	0.000091180
0.002238000	0.000088649
0.002239000	0.000093508
0.002240000	0.000088953
0.002241000	0.000083285
0.002242000	0.000088447
0.002243000	0.000096645
0.002244000	0.000092192
0.002245000	0.000101402
0.002246000	0.000090977
0.002247000	0.000095734
0.002248000	0.000094823
0.002249000	0.000000000
